# 4-digit PIN list (smart)
# Generated: 2026-03-22 08:56:55
# Total PIN: 649
#============================================================
1234
1111
0000
1212
7777
1004
2000
4444
2222
6969
9999
3333
5555
6666
1122
1313
8888
4321
2001
1010
0123
1230
4567
5678
6789
7890
8901
9012
2345
3456
9876
8765
7654
6543
5432
2233
3344
4455
5566
6677
7788
8899
9900
0011
1990
1991
1992
1993
1994
1995
1996
1997
1998
1999
2002
2003
2004
2005
2006
2007
2008
2009
2010
2011
2012
2013
2014
2015
2016
2017
2018
2019
2020
2021
2022
2023
2024
1980
1981
1982
1983
1984
1985
1986
1987
1988
1989
0101
0202
0303
0404
0505
0606
0707
0808
0909
0112
0212
0312
0412
0512
0612
0712
0812
0912
1012
1112
1231
1225
2580
0852
1379
9753
1590
3570
1597
3579
1470
3690
1950
1951
1952
1953
1954
1955
1956
1957
1958
1959
1960
1961
1962
1963
1964
1965
1966
1967
1968
1969
1970
1971
1972
1973
1974
1975
1976
1977
1978
1979
2025
0102
0103
0104
0105
0106
0107
0108
0109
0110
0111
0113
0114
0115
0116
0117
0118
0119
0120
0121
0122
0124
0125
0126
0127
0128
0129
0130
0131
0201
0203
0204
0205
0206
0207
0208
0209
0210
0211
0213
0214
0215
0216
0217
0218
0219
0220
0221
0222
0223
0224
0225
0226
0227
0228
0229
0230
0231
0301
0302
0304
0305
0306
0307
0308
0309
0310
0311
0313
0314
0315
0316
0317
0318
0319
0320
0321
0322
0323
0324
0325
0326
0327
0328
0329
0330
0331
0401
0402
0403
0405
0406
0407
0408
0409
0410
0411
0413
0414
0415
0416
0417
0418
0419
0420
0421
0422
0423
0424
0425
0426
0427
0428
0429
0430
0431
0501
0502
0503
0504
0506
0507
0508
0509
0510
0511
0513
0514
0515
0516
0517
0518
0519
0520
0521
0522
0523
0524
0525
0526
0527
0528
0529
0530
0531
0601
0602
0603
0604
0605
0607
0608
0609
0610
0611
0613
0614
0615
0616
0617
0618
0619
0620
0621
0622
0623
0624
0625
0626
0627
0628
0629
0630
0631
0701
0702
0703
0704
0705
0706
0708
0709
0710
0711
0713
0714
0715
0716
0717
0718
0719
0720
0721
0722
0723
0724
0725
0726
0727
0728
0729
0730
0731
0801
0802
0803
0804
0805
0806
0807
0809
0810
0811
0813
0814
0815
0816
0817
0818
0819
0820
0821
0822
0823
0824
0825
0826
0827
0828
0829
0830
0831
0901
0902
0903
0904
0905
0906
0907
0908
0910
0911
0913
0914
0915
0916
0917
0918
0919
0920
0921
0922
0923
0924
0925
0926
0927
0928
0929
0930
0931
1001
1002
1003
1005
1006
1007
1008
1009
1011
1013
1014
1015
1016
1017
1018
1019
1020
1021
1022
1023
1024
1025
1026
1027
1028
1029
1030
1031
1101
1102
1103
1104
1105
1106
1107
1108
1109
1110
1113
1114
1115
1116
1117
1118
1119
1120
1121
1123
1124
1125
1126
1127
1128
1129
1130
1131
1201
1202
1203
1204
1205
1206
1207
1208
1209
1210
1211
1213
1214
1215
1216
1217
1218
1219
1220
1221
1222
1223
1224
1226
1227
1228
1229
0022
0033
0044
0055
0066
0077
0088
0099
1100
1133
1144
1414
1155
1515
1166
1616
1177
1717
1188
1818
1199
1919
2200
2211
2121
2323
2244
2424
2255
2525
2266
2626
2277
2727
2288
2828
2299
2929
3300
3030
3311
3131
3322
3232
3434
3355
3535
3366
3636
3377
3737
3388
3838
3399
3939
4400
4040
4411
4141
4422
4242
4433
4343
4545
4466
4646
4477
4747
4488
4848
4499
4949
5500
5050
5511
5151
5522
5252
5533
5353
5544
5454
5656
5577
5757
5588
5858
5599
5959
6600
6060
6611
6161
6622
6262
6633
6363
6644
6464
6655
6565
6767
6688
6868
6699
7700
7070
7711
7171
7722
7272
7733
7373
7744
7474
7755
7575
7766
7676
7878
7799
7979
8800
8080
8811
8181
8822
8282
8833
8383
8844
8484
8855
8585
8866
8686
8877
8787
8989
9090
9911
9191
9922
9292
9933
9393
9944
9494
9955
9595
9966
9696
9977
9797
9988
9898
