# 6-digit PIN list (smart)
# Generated: 2026-03-22 08:56:55
# Total PIN: 13,609
#============================================================
123456
111111
000000
121212
654321
666666
696969
999999
112233
123123
159753
456789
012345
777777
100200
131313
101010
789456
520520
520131
222222
333333
444444
555555
888888
234567
345678
567890
678901
789012
890123
901234
543210
432109
321098
210987
010199
020299
030399
040499
050599
060699
070799
080899
090999
101099
111199
121299
010100
010101
010102
010103
010104
010105
010106
010107
010108
010109
010110
010111
010112
199001
199102
199203
199304
199405
199506
199607
199708
199809
199910
200001
200102
200203
200304
200405
200506
200607
200708
200809
200910
147258
258369
159357
147369
258147
369258
951753
852456
123789
010190
010191
010192
010193
010194
010195
010196
010197
010198
010113
010114
010115
010116
010117
010118
010119
010120
010121
010122
010123
010124
010125
010290
010291
010292
010293
010294
010295
010296
010297
010298
010299
010200
010201
010202
010203
010204
010205
010206
010207
010208
010209
010210
010211
010212
010213
010214
010215
010216
010217
010218
010219
010220
010221
010222
010223
010224
010225
010390
010391
010392
010393
010394
010395
010396
010397
010398
010399
010300
010301
010302
010303
010304
010305
010306
010307
010308
010309
010310
010311
010312
010313
010314
010315
010316
010317
010318
010319
010320
010321
010322
010323
010324
010325
010490
010491
010492
010493
010494
010495
010496
010497
010498
010499
010400
010401
010402
010403
010404
010405
010406
010407
010408
010409
010410
010411
010412
010413
010414
010415
010416
010417
010418
010419
010420
010421
010422
010423
010424
010425
010590
010591
010592
010593
010594
010595
010596
010597
010598
010599
010500
010501
010502
010503
010504
010505
010506
010507
010508
010509
010510
010511
010512
010513
010514
010515
010516
010517
010518
010519
010520
010521
010522
010523
010524
010525
010690
010691
010692
010693
010694
010695
010696
010697
010698
010699
010600
010601
010602
010603
010604
010605
010606
010607
010608
010609
010610
010611
010612
010613
010614
010615
010616
010617
010618
010619
010620
010621
010622
010623
010624
010625
010790
010791
010792
010793
010794
010795
010796
010797
010798
010799
010700
010701
010702
010703
010704
010705
010706
010707
010708
010709
010710
010711
010712
010713
010714
010715
010716
010717
010718
010719
010720
010721
010722
010723
010724
010725
010890
010891
010892
010893
010894
010895
010896
010897
010898
010899
010800
010801
010802
010803
010804
010805
010806
010807
010808
010809
010810
010811
010812
010813
010814
010815
010816
010817
010818
010819
010820
010821
010822
010823
010824
010825
010990
010991
010992
010993
010994
010995
010996
010997
010998
010999
010900
010901
010902
010903
010904
010905
010906
010907
010908
010909
010910
010911
010912
010913
010914
010915
010916
010917
010918
010919
010920
010921
010922
010923
010924
010925
011090
011091
011092
011093
011094
011095
011096
011097
011098
011099
011000
011001
011002
011003
011004
011005
011006
011007
011008
011009
011010
011011
011012
011013
011014
011015
011016
011017
011018
011019
011020
011021
011022
011023
011024
011025
011190
011191
011192
011193
011194
011195
011196
011197
011198
011199
011100
011101
011102
011103
011104
011105
011106
011107
011108
011109
011110
011111
011112
011113
011114
011115
011116
011117
011118
011119
011120
011121
011122
011123
011124
011125
011290
011291
011292
011293
011294
011295
011296
011297
011298
011299
011200
011201
011202
011203
011204
011205
011206
011207
011208
011209
011210
011211
011212
011213
011214
011215
011216
011217
011218
011219
011220
011221
011222
011223
011224
011225
020190
020191
020192
020193
020194
020195
020196
020197
020198
020199
020100
020101
020102
020103
020104
020105
020106
020107
020108
020109
020110
020111
020112
020113
020114
020115
020116
020117
020118
020119
020120
020121
020122
020123
020124
020125
020290
020291
020292
020293
020294
020295
020296
020297
020298
020200
020201
020202
020203
020204
020205
020206
020207
020208
020209
020210
020211
020212
020213
020214
020215
020216
020217
020218
020219
020220
020221
020222
020223
020224
020225
020390
020391
020392
020393
020394
020395
020396
020397
020398
020399
020300
020301
020302
020303
020304
020305
020306
020307
020308
020309
020310
020311
020312
020313
020314
020315
020316
020317
020318
020319
020320
020321
020322
020323
020324
020325
020490
020491
020492
020493
020494
020495
020496
020497
020498
020499
020400
020401
020402
020403
020404
020405
020406
020407
020408
020409
020410
020411
020412
020413
020414
020415
020416
020417
020418
020419
020420
020421
020422
020423
020424
020425
020590
020591
020592
020593
020594
020595
020596
020597
020598
020599
020500
020501
020502
020503
020504
020505
020506
020507
020508
020509
020510
020511
020512
020513
020514
020515
020516
020517
020518
020519
020520
020521
020522
020523
020524
020525
020690
020691
020692
020693
020694
020695
020696
020697
020698
020699
020600
020601
020602
020603
020604
020605
020606
020607
020608
020609
020610
020611
020612
020613
020614
020615
020616
020617
020618
020619
020620
020621
020622
020623
020624
020625
020790
020791
020792
020793
020794
020795
020796
020797
020798
020799
020700
020701
020702
020703
020704
020705
020706
020707
020708
020709
020710
020711
020712
020713
020714
020715
020716
020717
020718
020719
020720
020721
020722
020723
020724
020725
020890
020891
020892
020893
020894
020895
020896
020897
020898
020899
020800
020801
020802
020803
020804
020805
020806
020807
020808
020809
020810
020811
020812
020813
020814
020815
020816
020817
020818
020819
020820
020821
020822
020823
020824
020825
020990
020991
020992
020993
020994
020995
020996
020997
020998
020999
020900
020901
020902
020903
020904
020905
020906
020907
020908
020909
020910
020911
020912
020913
020914
020915
020916
020917
020918
020919
020920
020921
020922
020923
020924
020925
021090
021091
021092
021093
021094
021095
021096
021097
021098
021099
021000
021001
021002
021003
021004
021005
021006
021007
021008
021009
021010
021011
021012
021013
021014
021015
021016
021017
021018
021019
021020
021021
021022
021023
021024
021025
021190
021191
021192
021193
021194
021195
021196
021197
021198
021199
021100
021101
021102
021103
021104
021105
021106
021107
021108
021109
021110
021111
021112
021113
021114
021115
021116
021117
021118
021119
021120
021121
021122
021123
021124
021125
021290
021291
021292
021293
021294
021295
021296
021297
021298
021299
021200
021201
021202
021203
021204
021205
021206
021207
021208
021209
021210
021211
021212
021213
021214
021215
021216
021217
021218
021219
021220
021221
021222
021223
021224
021225
030190
030191
030192
030193
030194
030195
030196
030197
030198
030199
030100
030101
030102
030103
030104
030105
030106
030107
030108
030109
030110
030111
030112
030113
030114
030115
030116
030117
030118
030119
030120
030121
030122
030123
030124
030125
030290
030291
030292
030293
030294
030295
030296
030297
030298
030299
030200
030201
030202
030203
030204
030205
030206
030207
030208
030209
030210
030211
030212
030213
030214
030215
030216
030217
030218
030219
030220
030221
030222
030223
030224
030225
030390
030391
030392
030393
030394
030395
030396
030397
030398
030300
030301
030302
030303
030304
030305
030306
030307
030308
030309
030310
030311
030312
030313
030314
030315
030316
030317
030318
030319
030320
030321
030322
030323
030324
030325
030490
030491
030492
030493
030494
030495
030496
030497
030498
030499
030400
030401
030402
030403
030404
030405
030406
030407
030408
030409
030410
030411
030412
030413
030414
030415
030416
030417
030418
030419
030420
030421
030422
030423
030424
030425
030590
030591
030592
030593
030594
030595
030596
030597
030598
030599
030500
030501
030502
030503
030504
030505
030506
030507
030508
030509
030510
030511
030512
030513
030514
030515
030516
030517
030518
030519
030520
030521
030522
030523
030524
030525
030690
030691
030692
030693
030694
030695
030696
030697
030698
030699
030600
030601
030602
030603
030604
030605
030606
030607
030608
030609
030610
030611
030612
030613
030614
030615
030616
030617
030618
030619
030620
030621
030622
030623
030624
030625
030790
030791
030792
030793
030794
030795
030796
030797
030798
030799
030700
030701
030702
030703
030704
030705
030706
030707
030708
030709
030710
030711
030712
030713
030714
030715
030716
030717
030718
030719
030720
030721
030722
030723
030724
030725
030890
030891
030892
030893
030894
030895
030896
030897
030898
030899
030800
030801
030802
030803
030804
030805
030806
030807
030808
030809
030810
030811
030812
030813
030814
030815
030816
030817
030818
030819
030820
030821
030822
030823
030824
030825
030990
030991
030992
030993
030994
030995
030996
030997
030998
030999
030900
030901
030902
030903
030904
030905
030906
030907
030908
030909
030910
030911
030912
030913
030914
030915
030916
030917
030918
030919
030920
030921
030922
030923
030924
030925
031090
031091
031092
031093
031094
031095
031096
031097
031098
031099
031000
031001
031002
031003
031004
031005
031006
031007
031008
031009
031010
031011
031012
031013
031014
031015
031016
031017
031018
031019
031020
031021
031022
031023
031024
031025
031190
031191
031192
031193
031194
031195
031196
031197
031198
031199
031100
031101
031102
031103
031104
031105
031106
031107
031108
031109
031110
031111
031112
031113
031114
031115
031116
031117
031118
031119
031120
031121
031122
031123
031124
031125
031290
031291
031292
031293
031294
031295
031296
031297
031298
031299
031200
031201
031202
031203
031204
031205
031206
031207
031208
031209
031210
031211
031212
031213
031214
031215
031216
031217
031218
031219
031220
031221
031222
031223
031224
031225
040190
040191
040192
040193
040194
040195
040196
040197
040198
040199
040100
040101
040102
040103
040104
040105
040106
040107
040108
040109
040110
040111
040112
040113
040114
040115
040116
040117
040118
040119
040120
040121
040122
040123
040124
040125
040290
040291
040292
040293
040294
040295
040296
040297
040298
040299
040200
040201
040202
040203
040204
040205
040206
040207
040208
040209
040210
040211
040212
040213
040214
040215
040216
040217
040218
040219
040220
040221
040222
040223
040224
040225
040390
040391
040392
040393
040394
040395
040396
040397
040398
040399
040300
040301
040302
040303
040304
040305
040306
040307
040308
040309
040310
040311
040312
040313
040314
040315
040316
040317
040318
040319
040320
040321
040322
040323
040324
040325
040490
040491
040492
040493
040494
040495
040496
040497
040498
040400
040401
040402
040403
040404
040405
040406
040407
040408
040409
040410
040411
040412
040413
040414
040415
040416
040417
040418
040419
040420
040421
040422
040423
040424
040425
040590
040591
040592
040593
040594
040595
040596
040597
040598
040599
040500
040501
040502
040503
040504
040505
040506
040507
040508
040509
040510
040511
040512
040513
040514
040515
040516
040517
040518
040519
040520
040521
040522
040523
040524
040525
040690
040691
040692
040693
040694
040695
040696
040697
040698
040699
040600
040601
040602
040603
040604
040605
040606
040607
040608
040609
040610
040611
040612
040613
040614
040615
040616
040617
040618
040619
040620
040621
040622
040623
040624
040625
040790
040791
040792
040793
040794
040795
040796
040797
040798
040799
040700
040701
040702
040703
040704
040705
040706
040707
040708
040709
040710
040711
040712
040713
040714
040715
040716
040717
040718
040719
040720
040721
040722
040723
040724
040725
040890
040891
040892
040893
040894
040895
040896
040897
040898
040899
040800
040801
040802
040803
040804
040805
040806
040807
040808
040809
040810
040811
040812
040813
040814
040815
040816
040817
040818
040819
040820
040821
040822
040823
040824
040825
040990
040991
040992
040993
040994
040995
040996
040997
040998
040999
040900
040901
040902
040903
040904
040905
040906
040907
040908
040909
040910
040911
040912
040913
040914
040915
040916
040917
040918
040919
040920
040921
040922
040923
040924
040925
041090
041091
041092
041093
041094
041095
041096
041097
041098
041099
041000
041001
041002
041003
041004
041005
041006
041007
041008
041009
041010
041011
041012
041013
041014
041015
041016
041017
041018
041019
041020
041021
041022
041023
041024
041025
041190
041191
041192
041193
041194
041195
041196
041197
041198
041199
041100
041101
041102
041103
041104
041105
041106
041107
041108
041109
041110
041111
041112
041113
041114
041115
041116
041117
041118
041119
041120
041121
041122
041123
041124
041125
041290
041291
041292
041293
041294
041295
041296
041297
041298
041299
041200
041201
041202
041203
041204
041205
041206
041207
041208
041209
041210
041211
041212
041213
041214
041215
041216
041217
041218
041219
041220
041221
041222
041223
041224
041225
050190
050191
050192
050193
050194
050195
050196
050197
050198
050199
050100
050101
050102
050103
050104
050105
050106
050107
050108
050109
050110
050111
050112
050113
050114
050115
050116
050117
050118
050119
050120
050121
050122
050123
050124
050125
050290
050291
050292
050293
050294
050295
050296
050297
050298
050299
050200
050201
050202
050203
050204
050205
050206
050207
050208
050209
050210
050211
050212
050213
050214
050215
050216
050217
050218
050219
050220
050221
050222
050223
050224
050225
050390
050391
050392
050393
050394
050395
050396
050397
050398
050399
050300
050301
050302
050303
050304
050305
050306
050307
050308
050309
050310
050311
050312
050313
050314
050315
050316
050317
050318
050319
050320
050321
050322
050323
050324
050325
050490
050491
050492
050493
050494
050495
050496
050497
050498
050499
050400
050401
050402
050403
050404
050405
050406
050407
050408
050409
050410
050411
050412
050413
050414
050415
050416
050417
050418
050419
050420
050421
050422
050423
050424
050425
050590
050591
050592
050593
050594
050595
050596
050597
050598
050500
050501
050502
050503
050504
050505
050506
050507
050508
050509
050510
050511
050512
050513
050514
050515
050516
050517
050518
050519
050520
050521
050522
050523
050524
050525
050690
050691
050692
050693
050694
050695
050696
050697
050698
050699
050600
050601
050602
050603
050604
050605
050606
050607
050608
050609
050610
050611
050612
050613
050614
050615
050616
050617
050618
050619
050620
050621
050622
050623
050624
050625
050790
050791
050792
050793
050794
050795
050796
050797
050798
050799
050700
050701
050702
050703
050704
050705
050706
050707
050708
050709
050710
050711
050712
050713
050714
050715
050716
050717
050718
050719
050720
050721
050722
050723
050724
050725
050890
050891
050892
050893
050894
050895
050896
050897
050898
050899
050800
050801
050802
050803
050804
050805
050806
050807
050808
050809
050810
050811
050812
050813
050814
050815
050816
050817
050818
050819
050820
050821
050822
050823
050824
050825
050990
050991
050992
050993
050994
050995
050996
050997
050998
050999
050900
050901
050902
050903
050904
050905
050906
050907
050908
050909
050910
050911
050912
050913
050914
050915
050916
050917
050918
050919
050920
050921
050922
050923
050924
050925
051090
051091
051092
051093
051094
051095
051096
051097
051098
051099
051000
051001
051002
051003
051004
051005
051006
051007
051008
051009
051010
051011
051012
051013
051014
051015
051016
051017
051018
051019
051020
051021
051022
051023
051024
051025
051190
051191
051192
051193
051194
051195
051196
051197
051198
051199
051100
051101
051102
051103
051104
051105
051106
051107
051108
051109
051110
051111
051112
051113
051114
051115
051116
051117
051118
051119
051120
051121
051122
051123
051124
051125
051290
051291
051292
051293
051294
051295
051296
051297
051298
051299
051200
051201
051202
051203
051204
051205
051206
051207
051208
051209
051210
051211
051212
051213
051214
051215
051216
051217
051218
051219
051220
051221
051222
051223
051224
051225
060190
060191
060192
060193
060194
060195
060196
060197
060198
060199
060100
060101
060102
060103
060104
060105
060106
060107
060108
060109
060110
060111
060112
060113
060114
060115
060116
060117
060118
060119
060120
060121
060122
060123
060124
060125
060290
060291
060292
060293
060294
060295
060296
060297
060298
060299
060200
060201
060202
060203
060204
060205
060206
060207
060208
060209
060210
060211
060212
060213
060214
060215
060216
060217
060218
060219
060220
060221
060222
060223
060224
060225
060390
060391
060392
060393
060394
060395
060396
060397
060398
060399
060300
060301
060302
060303
060304
060305
060306
060307
060308
060309
060310
060311
060312
060313
060314
060315
060316
060317
060318
060319
060320
060321
060322
060323
060324
060325
060490
060491
060492
060493
060494
060495
060496
060497
060498
060499
060400
060401
060402
060403
060404
060405
060406
060407
060408
060409
060410
060411
060412
060413
060414
060415
060416
060417
060418
060419
060420
060421
060422
060423
060424
060425
060590
060591
060592
060593
060594
060595
060596
060597
060598
060599
060500
060501
060502
060503
060504
060505
060506
060507
060508
060509
060510
060511
060512
060513
060514
060515
060516
060517
060518
060519
060520
060521
060522
060523
060524
060525
060690
060691
060692
060693
060694
060695
060696
060697
060698
060600
060601
060602
060603
060604
060605
060606
060607
060608
060609
060610
060611
060612
060613
060614
060615
060616
060617
060618
060619
060620
060621
060622
060623
060624
060625
060790
060791
060792
060793
060794
060795
060796
060797
060798
060799
060700
060701
060702
060703
060704
060705
060706
060707
060708
060709
060710
060711
060712
060713
060714
060715
060716
060717
060718
060719
060720
060721
060722
060723
060724
060725
060890
060891
060892
060893
060894
060895
060896
060897
060898
060899
060800
060801
060802
060803
060804
060805
060806
060807
060808
060809
060810
060811
060812
060813
060814
060815
060816
060817
060818
060819
060820
060821
060822
060823
060824
060825
060990
060991
060992
060993
060994
060995
060996
060997
060998
060999
060900
060901
060902
060903
060904
060905
060906
060907
060908
060909
060910
060911
060912
060913
060914
060915
060916
060917
060918
060919
060920
060921
060922
060923
060924
060925
061090
061091
061092
061093
061094
061095
061096
061097
061098
061099
061000
061001
061002
061003
061004
061005
061006
061007
061008
061009
061010
061011
061012
061013
061014
061015
061016
061017
061018
061019
061020
061021
061022
061023
061024
061025
061190
061191
061192
061193
061194
061195
061196
061197
061198
061199
061100
061101
061102
061103
061104
061105
061106
061107
061108
061109
061110
061111
061112
061113
061114
061115
061116
061117
061118
061119
061120
061121
061122
061123
061124
061125
061290
061291
061292
061293
061294
061295
061296
061297
061298
061299
061200
061201
061202
061203
061204
061205
061206
061207
061208
061209
061210
061211
061212
061213
061214
061215
061216
061217
061218
061219
061220
061221
061222
061223
061224
061225
070190
070191
070192
070193
070194
070195
070196
070197
070198
070199
070100
070101
070102
070103
070104
070105
070106
070107
070108
070109
070110
070111
070112
070113
070114
070115
070116
070117
070118
070119
070120
070121
070122
070123
070124
070125
070290
070291
070292
070293
070294
070295
070296
070297
070298
070299
070200
070201
070202
070203
070204
070205
070206
070207
070208
070209
070210
070211
070212
070213
070214
070215
070216
070217
070218
070219
070220
070221
070222
070223
070224
070225
070390
070391
070392
070393
070394
070395
070396
070397
070398
070399
070300
070301
070302
070303
070304
070305
070306
070307
070308
070309
070310
070311
070312
070313
070314
070315
070316
070317
070318
070319
070320
070321
070322
070323
070324
070325
070490
070491
070492
070493
070494
070495
070496
070497
070498
070499
070400
070401
070402
070403
070404
070405
070406
070407
070408
070409
070410
070411
070412
070413
070414
070415
070416
070417
070418
070419
070420
070421
070422
070423
070424
070425
070590
070591
070592
070593
070594
070595
070596
070597
070598
070599
070500
070501
070502
070503
070504
070505
070506
070507
070508
070509
070510
070511
070512
070513
070514
070515
070516
070517
070518
070519
070520
070521
070522
070523
070524
070525
070690
070691
070692
070693
070694
070695
070696
070697
070698
070699
070600
070601
070602
070603
070604
070605
070606
070607
070608
070609
070610
070611
070612
070613
070614
070615
070616
070617
070618
070619
070620
070621
070622
070623
070624
070625
070790
070791
070792
070793
070794
070795
070796
070797
070798
070700
070701
070702
070703
070704
070705
070706
070707
070708
070709
070710
070711
070712
070713
070714
070715
070716
070717
070718
070719
070720
070721
070722
070723
070724
070725
070890
070891
070892
070893
070894
070895
070896
070897
070898
070899
070800
070801
070802
070803
070804
070805
070806
070807
070808
070809
070810
070811
070812
070813
070814
070815
070816
070817
070818
070819
070820
070821
070822
070823
070824
070825
070990
070991
070992
070993
070994
070995
070996
070997
070998
070999
070900
070901
070902
070903
070904
070905
070906
070907
070908
070909
070910
070911
070912
070913
070914
070915
070916
070917
070918
070919
070920
070921
070922
070923
070924
070925
071090
071091
071092
071093
071094
071095
071096
071097
071098
071099
071000
071001
071002
071003
071004
071005
071006
071007
071008
071009
071010
071011
071012
071013
071014
071015
071016
071017
071018
071019
071020
071021
071022
071023
071024
071025
071190
071191
071192
071193
071194
071195
071196
071197
071198
071199
071100
071101
071102
071103
071104
071105
071106
071107
071108
071109
071110
071111
071112
071113
071114
071115
071116
071117
071118
071119
071120
071121
071122
071123
071124
071125
071290
071291
071292
071293
071294
071295
071296
071297
071298
071299
071200
071201
071202
071203
071204
071205
071206
071207
071208
071209
071210
071211
071212
071213
071214
071215
071216
071217
071218
071219
071220
071221
071222
071223
071224
071225
080190
080191
080192
080193
080194
080195
080196
080197
080198
080199
080100
080101
080102
080103
080104
080105
080106
080107
080108
080109
080110
080111
080112
080113
080114
080115
080116
080117
080118
080119
080120
080121
080122
080123
080124
080125
080290
080291
080292
080293
080294
080295
080296
080297
080298
080299
080200
080201
080202
080203
080204
080205
080206
080207
080208
080209
080210
080211
080212
080213
080214
080215
080216
080217
080218
080219
080220
080221
080222
080223
080224
080225
080390
080391
080392
080393
080394
080395
080396
080397
080398
080399
080300
080301
080302
080303
080304
080305
080306
080307
080308
080309
080310
080311
080312
080313
080314
080315
080316
080317
080318
080319
080320
080321
080322
080323
080324
080325
080490
080491
080492
080493
080494
080495
080496
080497
080498
080499
080400
080401
080402
080403
080404
080405
080406
080407
080408
080409
080410
080411
080412
080413
080414
080415
080416
080417
080418
080419
080420
080421
080422
080423
080424
080425
080590
080591
080592
080593
080594
080595
080596
080597
080598
080599
080500
080501
080502
080503
080504
080505
080506
080507
080508
080509
080510
080511
080512
080513
080514
080515
080516
080517
080518
080519
080520
080521
080522
080523
080524
080525
080690
080691
080692
080693
080694
080695
080696
080697
080698
080699
080600
080601
080602
080603
080604
080605
080606
080607
080608
080609
080610
080611
080612
080613
080614
080615
080616
080617
080618
080619
080620
080621
080622
080623
080624
080625
080790
080791
080792
080793
080794
080795
080796
080797
080798
080799
080700
080701
080702
080703
080704
080705
080706
080707
080708
080709
080710
080711
080712
080713
080714
080715
080716
080717
080718
080719
080720
080721
080722
080723
080724
080725
080890
080891
080892
080893
080894
080895
080896
080897
080898
080800
080801
080802
080803
080804
080805
080806
080807
080808
080809
080810
080811
080812
080813
080814
080815
080816
080817
080818
080819
080820
080821
080822
080823
080824
080825
080990
080991
080992
080993
080994
080995
080996
080997
080998
080999
080900
080901
080902
080903
080904
080905
080906
080907
080908
080909
080910
080911
080912
080913
080914
080915
080916
080917
080918
080919
080920
080921
080922
080923
080924
080925
081090
081091
081092
081093
081094
081095
081096
081097
081098
081099
081000
081001
081002
081003
081004
081005
081006
081007
081008
081009
081010
081011
081012
081013
081014
081015
081016
081017
081018
081019
081020
081021
081022
081023
081024
081025
081190
081191
081192
081193
081194
081195
081196
081197
081198
081199
081100
081101
081102
081103
081104
081105
081106
081107
081108
081109
081110
081111
081112
081113
081114
081115
081116
081117
081118
081119
081120
081121
081122
081123
081124
081125
081290
081291
081292
081293
081294
081295
081296
081297
081298
081299
081200
081201
081202
081203
081204
081205
081206
081207
081208
081209
081210
081211
081212
081213
081214
081215
081216
081217
081218
081219
081220
081221
081222
081223
081224
081225
090190
090191
090192
090193
090194
090195
090196
090197
090198
090199
090100
090101
090102
090103
090104
090105
090106
090107
090108
090109
090110
090111
090112
090113
090114
090115
090116
090117
090118
090119
090120
090121
090122
090123
090124
090125
090290
090291
090292
090293
090294
090295
090296
090297
090298
090299
090200
090201
090202
090203
090204
090205
090206
090207
090208
090209
090210
090211
090212
090213
090214
090215
090216
090217
090218
090219
090220
090221
090222
090223
090224
090225
090390
090391
090392
090393
090394
090395
090396
090397
090398
090399
090300
090301
090302
090303
090304
090305
090306
090307
090308
090309
090310
090311
090312
090313
090314
090315
090316
090317
090318
090319
090320
090321
090322
090323
090324
090325
090490
090491
090492
090493
090494
090495
090496
090497
090498
090499
090400
090401
090402
090403
090404
090405
090406
090407
090408
090409
090410
090411
090412
090413
090414
090415
090416
090417
090418
090419
090420
090421
090422
090423
090424
090425
090590
090591
090592
090593
090594
090595
090596
090597
090598
090599
090500
090501
090502
090503
090504
090505
090506
090507
090508
090509
090510
090511
090512
090513
090514
090515
090516
090517
090518
090519
090520
090521
090522
090523
090524
090525
090690
090691
090692
090693
090694
090695
090696
090697
090698
090699
090600
090601
090602
090603
090604
090605
090606
090607
090608
090609
090610
090611
090612
090613
090614
090615
090616
090617
090618
090619
090620
090621
090622
090623
090624
090625
090790
090791
090792
090793
090794
090795
090796
090797
090798
090799
090700
090701
090702
090703
090704
090705
090706
090707
090708
090709
090710
090711
090712
090713
090714
090715
090716
090717
090718
090719
090720
090721
090722
090723
090724
090725
090890
090891
090892
090893
090894
090895
090896
090897
090898
090899
090800
090801
090802
090803
090804
090805
090806
090807
090808
090809
090810
090811
090812
090813
090814
090815
090816
090817
090818
090819
090820
090821
090822
090823
090824
090825
090990
090991
090992
090993
090994
090995
090996
090997
090998
090900
090901
090902
090903
090904
090905
090906
090907
090908
090909
090910
090911
090912
090913
090914
090915
090916
090917
090918
090919
090920
090921
090922
090923
090924
090925
091090
091091
091092
091093
091094
091095
091096
091097
091098
091099
091000
091001
091002
091003
091004
091005
091006
091007
091008
091009
091010
091011
091012
091013
091014
091015
091016
091017
091018
091019
091020
091021
091022
091023
091024
091025
091190
091191
091192
091193
091194
091195
091196
091197
091198
091199
091100
091101
091102
091103
091104
091105
091106
091107
091108
091109
091110
091111
091112
091113
091114
091115
091116
091117
091118
091119
091120
091121
091122
091123
091124
091125
091290
091291
091292
091293
091294
091295
091296
091297
091298
091299
091200
091201
091202
091203
091204
091205
091206
091207
091208
091209
091210
091211
091212
091213
091214
091215
091216
091217
091218
091219
091220
091221
091222
091223
091224
091225
100190
100191
100192
100193
100194
100195
100196
100197
100198
100199
100100
100101
100102
100103
100104
100105
100106
100107
100108
100109
100110
100111
100112
100113
100114
100115
100116
100117
100118
100119
100120
100121
100122
100123
100124
100125
100290
100291
100292
100293
100294
100295
100296
100297
100298
100299
100201
100202
100203
100204
100205
100206
100207
100208
100209
100210
100211
100212
100213
100214
100215
100216
100217
100218
100219
100220
100221
100222
100223
100224
100225
100390
100391
100392
100393
100394
100395
100396
100397
100398
100399
100300
100301
100302
100303
100304
100305
100306
100307
100308
100309
100310
100311
100312
100313
100314
100315
100316
100317
100318
100319
100320
100321
100322
100323
100324
100325
100490
100491
100492
100493
100494
100495
100496
100497
100498
100499
100400
100401
100402
100403
100404
100405
100406
100407
100408
100409
100410
100411
100412
100413
100414
100415
100416
100417
100418
100419
100420
100421
100422
100423
100424
100425
100590
100591
100592
100593
100594
100595
100596
100597
100598
100599
100500
100501
100502
100503
100504
100505
100506
100507
100508
100509
100510
100511
100512
100513
100514
100515
100516
100517
100518
100519
100520
100521
100522
100523
100524
100525
100690
100691
100692
100693
100694
100695
100696
100697
100698
100699
100600
100601
100602
100603
100604
100605
100606
100607
100608
100609
100610
100611
100612
100613
100614
100615
100616
100617
100618
100619
100620
100621
100622
100623
100624
100625
100790
100791
100792
100793
100794
100795
100796
100797
100798
100799
100700
100701
100702
100703
100704
100705
100706
100707
100708
100709
100710
100711
100712
100713
100714
100715
100716
100717
100718
100719
100720
100721
100722
100723
100724
100725
100890
100891
100892
100893
100894
100895
100896
100897
100898
100899
100800
100801
100802
100803
100804
100805
100806
100807
100808
100809
100810
100811
100812
100813
100814
100815
100816
100817
100818
100819
100820
100821
100822
100823
100824
100825
100990
100991
100992
100993
100994
100995
100996
100997
100998
100999
100900
100901
100902
100903
100904
100905
100906
100907
100908
100909
100910
100911
100912
100913
100914
100915
100916
100917
100918
100919
100920
100921
100922
100923
100924
100925
101090
101091
101092
101093
101094
101095
101096
101097
101098
101000
101001
101002
101003
101004
101005
101006
101007
101008
101009
101011
101012
101013
101014
101015
101016
101017
101018
101019
101020
101021
101022
101023
101024
101025
101190
101191
101192
101193
101194
101195
101196
101197
101198
101199
101100
101101
101102
101103
101104
101105
101106
101107
101108
101109
101110
101111
101112
101113
101114
101115
101116
101117
101118
101119
101120
101121
101122
101123
101124
101125
101290
101291
101292
101293
101294
101295
101296
101297
101298
101299
101200
101201
101202
101203
101204
101205
101206
101207
101208
101209
101210
101211
101212
101213
101214
101215
101216
101217
101218
101219
101220
101221
101222
101223
101224
101225
110190
110191
110192
110193
110194
110195
110196
110197
110198
110199
110100
110101
110102
110103
110104
110105
110106
110107
110108
110109
110110
110111
110112
110113
110114
110115
110116
110117
110118
110119
110120
110121
110122
110123
110124
110125
110290
110291
110292
110293
110294
110295
110296
110297
110298
110299
110200
110201
110202
110203
110204
110205
110206
110207
110208
110209
110210
110211
110212
110213
110214
110215
110216
110217
110218
110219
110220
110221
110222
110223
110224
110225
110390
110391
110392
110393
110394
110395
110396
110397
110398
110399
110300
110301
110302
110303
110304
110305
110306
110307
110308
110309
110310
110311
110312
110313
110314
110315
110316
110317
110318
110319
110320
110321
110322
110323
110324
110325
110490
110491
110492
110493
110494
110495
110496
110497
110498
110499
110400
110401
110402
110403
110404
110405
110406
110407
110408
110409
110410
110411
110412
110413
110414
110415
110416
110417
110418
110419
110420
110421
110422
110423
110424
110425
110590
110591
110592
110593
110594
110595
110596
110597
110598
110599
110500
110501
110502
110503
110504
110505
110506
110507
110508
110509
110510
110511
110512
110513
110514
110515
110516
110517
110518
110519
110520
110521
110522
110523
110524
110525
110690
110691
110692
110693
110694
110695
110696
110697
110698
110699
110600
110601
110602
110603
110604
110605
110606
110607
110608
110609
110610
110611
110612
110613
110614
110615
110616
110617
110618
110619
110620
110621
110622
110623
110624
110625
110790
110791
110792
110793
110794
110795
110796
110797
110798
110799
110700
110701
110702
110703
110704
110705
110706
110707
110708
110709
110710
110711
110712
110713
110714
110715
110716
110717
110718
110719
110720
110721
110722
110723
110724
110725
110890
110891
110892
110893
110894
110895
110896
110897
110898
110899
110800
110801
110802
110803
110804
110805
110806
110807
110808
110809
110810
110811
110812
110813
110814
110815
110816
110817
110818
110819
110820
110821
110822
110823
110824
110825
110990
110991
110992
110993
110994
110995
110996
110997
110998
110999
110900
110901
110902
110903
110904
110905
110906
110907
110908
110909
110910
110911
110912
110913
110914
110915
110916
110917
110918
110919
110920
110921
110922
110923
110924
110925
111090
111091
111092
111093
111094
111095
111096
111097
111098
111099
111000
111001
111002
111003
111004
111005
111006
111007
111008
111009
111010
111011
111012
111013
111014
111015
111016
111017
111018
111019
111020
111021
111022
111023
111024
111025
111190
111191
111192
111193
111194
111195
111196
111197
111198
111100
111101
111102
111103
111104
111105
111106
111107
111108
111109
111110
111112
111113
111114
111115
111116
111117
111118
111119
111120
111121
111122
111123
111124
111125
111290
111291
111292
111293
111294
111295
111296
111297
111298
111299
111200
111201
111202
111203
111204
111205
111206
111207
111208
111209
111210
111211
111212
111213
111214
111215
111216
111217
111218
111219
111220
111221
111222
111223
111224
111225
120190
120191
120192
120193
120194
120195
120196
120197
120198
120199
120100
120101
120102
120103
120104
120105
120106
120107
120108
120109
120110
120111
120112
120113
120114
120115
120116
120117
120118
120119
120120
120121
120122
120123
120124
120125
120290
120291
120292
120293
120294
120295
120296
120297
120298
120299
120200
120201
120202
120203
120204
120205
120206
120207
120208
120209
120210
120211
120212
120213
120214
120215
120216
120217
120218
120219
120220
120221
120222
120223
120224
120225
120390
120391
120392
120393
120394
120395
120396
120397
120398
120399
120300
120301
120302
120303
120304
120305
120306
120307
120308
120309
120310
120311
120312
120313
120314
120315
120316
120317
120318
120319
120320
120321
120322
120323
120324
120325
120490
120491
120492
120493
120494
120495
120496
120497
120498
120499
120400
120401
120402
120403
120404
120405
120406
120407
120408
120409
120410
120411
120412
120413
120414
120415
120416
120417
120418
120419
120420
120421
120422
120423
120424
120425
120590
120591
120592
120593
120594
120595
120596
120597
120598
120599
120500
120501
120502
120503
120504
120505
120506
120507
120508
120509
120510
120511
120512
120513
120514
120515
120516
120517
120518
120519
120520
120521
120522
120523
120524
120525
120690
120691
120692
120693
120694
120695
120696
120697
120698
120699
120600
120601
120602
120603
120604
120605
120606
120607
120608
120609
120610
120611
120612
120613
120614
120615
120616
120617
120618
120619
120620
120621
120622
120623
120624
120625
120790
120791
120792
120793
120794
120795
120796
120797
120798
120799
120700
120701
120702
120703
120704
120705
120706
120707
120708
120709
120710
120711
120712
120713
120714
120715
120716
120717
120718
120719
120720
120721
120722
120723
120724
120725
120890
120891
120892
120893
120894
120895
120896
120897
120898
120899
120800
120801
120802
120803
120804
120805
120806
120807
120808
120809
120810
120811
120812
120813
120814
120815
120816
120817
120818
120819
120820
120821
120822
120823
120824
120825
120990
120991
120992
120993
120994
120995
120996
120997
120998
120999
120900
120901
120902
120903
120904
120905
120906
120907
120908
120909
120910
120911
120912
120913
120914
120915
120916
120917
120918
120919
120920
120921
120922
120923
120924
120925
121090
121091
121092
121093
121094
121095
121096
121097
121098
121099
121000
121001
121002
121003
121004
121005
121006
121007
121008
121009
121010
121011
121012
121013
121014
121015
121016
121017
121018
121019
121020
121021
121022
121023
121024
121025
121190
121191
121192
121193
121194
121195
121196
121197
121198
121199
121100
121101
121102
121103
121104
121105
121106
121107
121108
121109
121110
121111
121112
121113
121114
121115
121116
121117
121118
121119
121120
121121
121122
121123
121124
121125
121290
121291
121292
121293
121294
121295
121296
121297
121298
121200
121201
121202
121203
121204
121205
121206
121207
121208
121209
121210
121211
121213
121214
121215
121216
121217
121218
121219
121220
121221
121222
121223
121224
121225
130190
130191
130192
130193
130194
130195
130196
130197
130198
130199
130100
130101
130102
130103
130104
130105
130106
130107
130108
130109
130110
130111
130112
130113
130114
130115
130116
130117
130118
130119
130120
130121
130122
130123
130124
130125
130290
130291
130292
130293
130294
130295
130296
130297
130298
130299
130200
130201
130202
130203
130204
130205
130206
130207
130208
130209
130210
130211
130212
130213
130214
130215
130216
130217
130218
130219
130220
130221
130222
130223
130224
130225
130390
130391
130392
130393
130394
130395
130396
130397
130398
130399
130300
130301
130302
130303
130304
130305
130306
130307
130308
130309
130310
130311
130312
130313
130314
130315
130316
130317
130318
130319
130320
130321
130322
130323
130324
130325
130490
130491
130492
130493
130494
130495
130496
130497
130498
130499
130400
130401
130402
130403
130404
130405
130406
130407
130408
130409
130410
130411
130412
130413
130414
130415
130416
130417
130418
130419
130420
130421
130422
130423
130424
130425
130590
130591
130592
130593
130594
130595
130596
130597
130598
130599
130500
130501
130502
130503
130504
130505
130506
130507
130508
130509
130510
130511
130512
130513
130514
130515
130516
130517
130518
130519
130520
130521
130522
130523
130524
130525
130690
130691
130692
130693
130694
130695
130696
130697
130698
130699
130600
130601
130602
130603
130604
130605
130606
130607
130608
130609
130610
130611
130612
130613
130614
130615
130616
130617
130618
130619
130620
130621
130622
130623
130624
130625
130790
130791
130792
130793
130794
130795
130796
130797
130798
130799
130700
130701
130702
130703
130704
130705
130706
130707
130708
130709
130710
130711
130712
130713
130714
130715
130716
130717
130718
130719
130720
130721
130722
130723
130724
130725
130890
130891
130892
130893
130894
130895
130896
130897
130898
130899
130800
130801
130802
130803
130804
130805
130806
130807
130808
130809
130810
130811
130812
130813
130814
130815
130816
130817
130818
130819
130820
130821
130822
130823
130824
130825
130990
130991
130992
130993
130994
130995
130996
130997
130998
130999
130900
130901
130902
130903
130904
130905
130906
130907
130908
130909
130910
130911
130912
130913
130914
130915
130916
130917
130918
130919
130920
130921
130922
130923
130924
130925
131090
131091
131092
131093
131094
131095
131096
131097
131098
131099
131000
131001
131002
131003
131004
131005
131006
131007
131008
131009
131010
131011
131012
131013
131014
131015
131016
131017
131018
131019
131020
131021
131022
131023
131024
131025
131190
131191
131192
131193
131194
131195
131196
131197
131198
131199
131100
131101
131102
131103
131104
131105
131106
131107
131108
131109
131110
131111
131112
131113
131114
131115
131116
131117
131118
131119
131120
131121
131122
131123
131124
131125
131290
131291
131292
131293
131294
131295
131296
131297
131298
131299
131200
131201
131202
131203
131204
131205
131206
131207
131208
131209
131210
131211
131212
131213
131214
131215
131216
131217
131218
131219
131220
131221
131222
131223
131224
131225
140190
140191
140192
140193
140194
140195
140196
140197
140198
140199
140100
140101
140102
140103
140104
140105
140106
140107
140108
140109
140110
140111
140112
140113
140114
140115
140116
140117
140118
140119
140120
140121
140122
140123
140124
140125
140290
140291
140292
140293
140294
140295
140296
140297
140298
140299
140200
140201
140202
140203
140204
140205
140206
140207
140208
140209
140210
140211
140212
140213
140214
140215
140216
140217
140218
140219
140220
140221
140222
140223
140224
140225
140390
140391
140392
140393
140394
140395
140396
140397
140398
140399
140300
140301
140302
140303
140304
140305
140306
140307
140308
140309
140310
140311
140312
140313
140314
140315
140316
140317
140318
140319
140320
140321
140322
140323
140324
140325
140490
140491
140492
140493
140494
140495
140496
140497
140498
140499
140400
140401
140402
140403
140404
140405
140406
140407
140408
140409
140410
140411
140412
140413
140414
140415
140416
140417
140418
140419
140420
140421
140422
140423
140424
140425
140590
140591
140592
140593
140594
140595
140596
140597
140598
140599
140500
140501
140502
140503
140504
140505
140506
140507
140508
140509
140510
140511
140512
140513
140514
140515
140516
140517
140518
140519
140520
140521
140522
140523
140524
140525
140690
140691
140692
140693
140694
140695
140696
140697
140698
140699
140600
140601
140602
140603
140604
140605
140606
140607
140608
140609
140610
140611
140612
140613
140614
140615
140616
140617
140618
140619
140620
140621
140622
140623
140624
140625
140790
140791
140792
140793
140794
140795
140796
140797
140798
140799
140700
140701
140702
140703
140704
140705
140706
140707
140708
140709
140710
140711
140712
140713
140714
140715
140716
140717
140718
140719
140720
140721
140722
140723
140724
140725
140890
140891
140892
140893
140894
140895
140896
140897
140898
140899
140800
140801
140802
140803
140804
140805
140806
140807
140808
140809
140810
140811
140812
140813
140814
140815
140816
140817
140818
140819
140820
140821
140822
140823
140824
140825
140990
140991
140992
140993
140994
140995
140996
140997
140998
140999
140900
140901
140902
140903
140904
140905
140906
140907
140908
140909
140910
140911
140912
140913
140914
140915
140916
140917
140918
140919
140920
140921
140922
140923
140924
140925
141090
141091
141092
141093
141094
141095
141096
141097
141098
141099
141000
141001
141002
141003
141004
141005
141006
141007
141008
141009
141010
141011
141012
141013
141014
141015
141016
141017
141018
141019
141020
141021
141022
141023
141024
141025
141190
141191
141192
141193
141194
141195
141196
141197
141198
141199
141100
141101
141102
141103
141104
141105
141106
141107
141108
141109
141110
141111
141112
141113
141114
141115
141116
141117
141118
141119
141120
141121
141122
141123
141124
141125
141290
141291
141292
141293
141294
141295
141296
141297
141298
141299
141200
141201
141202
141203
141204
141205
141206
141207
141208
141209
141210
141211
141212
141213
141214
141215
141216
141217
141218
141219
141220
141221
141222
141223
141224
141225
150190
150191
150192
150193
150194
150195
150196
150197
150198
150199
150100
150101
150102
150103
150104
150105
150106
150107
150108
150109
150110
150111
150112
150113
150114
150115
150116
150117
150118
150119
150120
150121
150122
150123
150124
150125
150290
150291
150292
150293
150294
150295
150296
150297
150298
150299
150200
150201
150202
150203
150204
150205
150206
150207
150208
150209
150210
150211
150212
150213
150214
150215
150216
150217
150218
150219
150220
150221
150222
150223
150224
150225
150390
150391
150392
150393
150394
150395
150396
150397
150398
150399
150300
150301
150302
150303
150304
150305
150306
150307
150308
150309
150310
150311
150312
150313
150314
150315
150316
150317
150318
150319
150320
150321
150322
150323
150324
150325
150490
150491
150492
150493
150494
150495
150496
150497
150498
150499
150400
150401
150402
150403
150404
150405
150406
150407
150408
150409
150410
150411
150412
150413
150414
150415
150416
150417
150418
150419
150420
150421
150422
150423
150424
150425
150590
150591
150592
150593
150594
150595
150596
150597
150598
150599
150500
150501
150502
150503
150504
150505
150506
150507
150508
150509
150510
150511
150512
150513
150514
150515
150516
150517
150518
150519
150520
150521
150522
150523
150524
150525
150690
150691
150692
150693
150694
150695
150696
150697
150698
150699
150600
150601
150602
150603
150604
150605
150606
150607
150608
150609
150610
150611
150612
150613
150614
150615
150616
150617
150618
150619
150620
150621
150622
150623
150624
150625
150790
150791
150792
150793
150794
150795
150796
150797
150798
150799
150700
150701
150702
150703
150704
150705
150706
150707
150708
150709
150710
150711
150712
150713
150714
150715
150716
150717
150718
150719
150720
150721
150722
150723
150724
150725
150890
150891
150892
150893
150894
150895
150896
150897
150898
150899
150800
150801
150802
150803
150804
150805
150806
150807
150808
150809
150810
150811
150812
150813
150814
150815
150816
150817
150818
150819
150820
150821
150822
150823
150824
150825
150990
150991
150992
150993
150994
150995
150996
150997
150998
150999
150900
150901
150902
150903
150904
150905
150906
150907
150908
150909
150910
150911
150912
150913
150914
150915
150916
150917
150918
150919
150920
150921
150922
150923
150924
150925
151090
151091
151092
151093
151094
151095
151096
151097
151098
151099
151000
151001
151002
151003
151004
151005
151006
151007
151008
151009
151010
151011
151012
151013
151014
151015
151016
151017
151018
151019
151020
151021
151022
151023
151024
151025
151190
151191
151192
151193
151194
151195
151196
151197
151198
151199
151100
151101
151102
151103
151104
151105
151106
151107
151108
151109
151110
151111
151112
151113
151114
151115
151116
151117
151118
151119
151120
151121
151122
151123
151124
151125
151290
151291
151292
151293
151294
151295
151296
151297
151298
151299
151200
151201
151202
151203
151204
151205
151206
151207
151208
151209
151210
151211
151212
151213
151214
151215
151216
151217
151218
151219
151220
151221
151222
151223
151224
151225
160190
160191
160192
160193
160194
160195
160196
160197
160198
160199
160100
160101
160102
160103
160104
160105
160106
160107
160108
160109
160110
160111
160112
160113
160114
160115
160116
160117
160118
160119
160120
160121
160122
160123
160124
160125
160290
160291
160292
160293
160294
160295
160296
160297
160298
160299
160200
160201
160202
160203
160204
160205
160206
160207
160208
160209
160210
160211
160212
160213
160214
160215
160216
160217
160218
160219
160220
160221
160222
160223
160224
160225
160390
160391
160392
160393
160394
160395
160396
160397
160398
160399
160300
160301
160302
160303
160304
160305
160306
160307
160308
160309
160310
160311
160312
160313
160314
160315
160316
160317
160318
160319
160320
160321
160322
160323
160324
160325
160490
160491
160492
160493
160494
160495
160496
160497
160498
160499
160400
160401
160402
160403
160404
160405
160406
160407
160408
160409
160410
160411
160412
160413
160414
160415
160416
160417
160418
160419
160420
160421
160422
160423
160424
160425
160590
160591
160592
160593
160594
160595
160596
160597
160598
160599
160500
160501
160502
160503
160504
160505
160506
160507
160508
160509
160510
160511
160512
160513
160514
160515
160516
160517
160518
160519
160520
160521
160522
160523
160524
160525
160690
160691
160692
160693
160694
160695
160696
160697
160698
160699
160600
160601
160602
160603
160604
160605
160606
160607
160608
160609
160610
160611
160612
160613
160614
160615
160616
160617
160618
160619
160620
160621
160622
160623
160624
160625
160790
160791
160792
160793
160794
160795
160796
160797
160798
160799
160700
160701
160702
160703
160704
160705
160706
160707
160708
160709
160710
160711
160712
160713
160714
160715
160716
160717
160718
160719
160720
160721
160722
160723
160724
160725
160890
160891
160892
160893
160894
160895
160896
160897
160898
160899
160800
160801
160802
160803
160804
160805
160806
160807
160808
160809
160810
160811
160812
160813
160814
160815
160816
160817
160818
160819
160820
160821
160822
160823
160824
160825
160990
160991
160992
160993
160994
160995
160996
160997
160998
160999
160900
160901
160902
160903
160904
160905
160906
160907
160908
160909
160910
160911
160912
160913
160914
160915
160916
160917
160918
160919
160920
160921
160922
160923
160924
160925
161090
161091
161092
161093
161094
161095
161096
161097
161098
161099
161000
161001
161002
161003
161004
161005
161006
161007
161008
161009
161010
161011
161012
161013
161014
161015
161016
161017
161018
161019
161020
161021
161022
161023
161024
161025
161190
161191
161192
161193
161194
161195
161196
161197
161198
161199
161100
161101
161102
161103
161104
161105
161106
161107
161108
161109
161110
161111
161112
161113
161114
161115
161116
161117
161118
161119
161120
161121
161122
161123
161124
161125
161290
161291
161292
161293
161294
161295
161296
161297
161298
161299
161200
161201
161202
161203
161204
161205
161206
161207
161208
161209
161210
161211
161212
161213
161214
161215
161216
161217
161218
161219
161220
161221
161222
161223
161224
161225
170190
170191
170192
170193
170194
170195
170196
170197
170198
170199
170100
170101
170102
170103
170104
170105
170106
170107
170108
170109
170110
170111
170112
170113
170114
170115
170116
170117
170118
170119
170120
170121
170122
170123
170124
170125
170290
170291
170292
170293
170294
170295
170296
170297
170298
170299
170200
170201
170202
170203
170204
170205
170206
170207
170208
170209
170210
170211
170212
170213
170214
170215
170216
170217
170218
170219
170220
170221
170222
170223
170224
170225
170390
170391
170392
170393
170394
170395
170396
170397
170398
170399
170300
170301
170302
170303
170304
170305
170306
170307
170308
170309
170310
170311
170312
170313
170314
170315
170316
170317
170318
170319
170320
170321
170322
170323
170324
170325
170490
170491
170492
170493
170494
170495
170496
170497
170498
170499
170400
170401
170402
170403
170404
170405
170406
170407
170408
170409
170410
170411
170412
170413
170414
170415
170416
170417
170418
170419
170420
170421
170422
170423
170424
170425
170590
170591
170592
170593
170594
170595
170596
170597
170598
170599
170500
170501
170502
170503
170504
170505
170506
170507
170508
170509
170510
170511
170512
170513
170514
170515
170516
170517
170518
170519
170520
170521
170522
170523
170524
170525
170690
170691
170692
170693
170694
170695
170696
170697
170698
170699
170600
170601
170602
170603
170604
170605
170606
170607
170608
170609
170610
170611
170612
170613
170614
170615
170616
170617
170618
170619
170620
170621
170622
170623
170624
170625
170790
170791
170792
170793
170794
170795
170796
170797
170798
170799
170700
170701
170702
170703
170704
170705
170706
170707
170708
170709
170710
170711
170712
170713
170714
170715
170716
170717
170718
170719
170720
170721
170722
170723
170724
170725
170890
170891
170892
170893
170894
170895
170896
170897
170898
170899
170800
170801
170802
170803
170804
170805
170806
170807
170808
170809
170810
170811
170812
170813
170814
170815
170816
170817
170818
170819
170820
170821
170822
170823
170824
170825
170990
170991
170992
170993
170994
170995
170996
170997
170998
170999
170900
170901
170902
170903
170904
170905
170906
170907
170908
170909
170910
170911
170912
170913
170914
170915
170916
170917
170918
170919
170920
170921
170922
170923
170924
170925
171090
171091
171092
171093
171094
171095
171096
171097
171098
171099
171000
171001
171002
171003
171004
171005
171006
171007
171008
171009
171010
171011
171012
171013
171014
171015
171016
171017
171018
171019
171020
171021
171022
171023
171024
171025
171190
171191
171192
171193
171194
171195
171196
171197
171198
171199
171100
171101
171102
171103
171104
171105
171106
171107
171108
171109
171110
171111
171112
171113
171114
171115
171116
171117
171118
171119
171120
171121
171122
171123
171124
171125
171290
171291
171292
171293
171294
171295
171296
171297
171298
171299
171200
171201
171202
171203
171204
171205
171206
171207
171208
171209
171210
171211
171212
171213
171214
171215
171216
171217
171218
171219
171220
171221
171222
171223
171224
171225
180190
180191
180192
180193
180194
180195
180196
180197
180198
180199
180100
180101
180102
180103
180104
180105
180106
180107
180108
180109
180110
180111
180112
180113
180114
180115
180116
180117
180118
180119
180120
180121
180122
180123
180124
180125
180290
180291
180292
180293
180294
180295
180296
180297
180298
180299
180200
180201
180202
180203
180204
180205
180206
180207
180208
180209
180210
180211
180212
180213
180214
180215
180216
180217
180218
180219
180220
180221
180222
180223
180224
180225
180390
180391
180392
180393
180394
180395
180396
180397
180398
180399
180300
180301
180302
180303
180304
180305
180306
180307
180308
180309
180310
180311
180312
180313
180314
180315
180316
180317
180318
180319
180320
180321
180322
180323
180324
180325
180490
180491
180492
180493
180494
180495
180496
180497
180498
180499
180400
180401
180402
180403
180404
180405
180406
180407
180408
180409
180410
180411
180412
180413
180414
180415
180416
180417
180418
180419
180420
180421
180422
180423
180424
180425
180590
180591
180592
180593
180594
180595
180596
180597
180598
180599
180500
180501
180502
180503
180504
180505
180506
180507
180508
180509
180510
180511
180512
180513
180514
180515
180516
180517
180518
180519
180520
180521
180522
180523
180524
180525
180690
180691
180692
180693
180694
180695
180696
180697
180698
180699
180600
180601
180602
180603
180604
180605
180606
180607
180608
180609
180610
180611
180612
180613
180614
180615
180616
180617
180618
180619
180620
180621
180622
180623
180624
180625
180790
180791
180792
180793
180794
180795
180796
180797
180798
180799
180700
180701
180702
180703
180704
180705
180706
180707
180708
180709
180710
180711
180712
180713
180714
180715
180716
180717
180718
180719
180720
180721
180722
180723
180724
180725
180890
180891
180892
180893
180894
180895
180896
180897
180898
180899
180800
180801
180802
180803
180804
180805
180806
180807
180808
180809
180810
180811
180812
180813
180814
180815
180816
180817
180818
180819
180820
180821
180822
180823
180824
180825
180990
180991
180992
180993
180994
180995
180996
180997
180998
180999
180900
180901
180902
180903
180904
180905
180906
180907
180908
180909
180910
180911
180912
180913
180914
180915
180916
180917
180918
180919
180920
180921
180922
180923
180924
180925
181090
181091
181092
181093
181094
181095
181096
181097
181098
181099
181000
181001
181002
181003
181004
181005
181006
181007
181008
181009
181010
181011
181012
181013
181014
181015
181016
181017
181018
181019
181020
181021
181022
181023
181024
181025
181190
181191
181192
181193
181194
181195
181196
181197
181198
181199
181100
181101
181102
181103
181104
181105
181106
181107
181108
181109
181110
181111
181112
181113
181114
181115
181116
181117
181118
181119
181120
181121
181122
181123
181124
181125
181290
181291
181292
181293
181294
181295
181296
181297
181298
181299
181200
181201
181202
181203
181204
181205
181206
181207
181208
181209
181210
181211
181212
181213
181214
181215
181216
181217
181218
181219
181220
181221
181222
181223
181224
181225
190190
190191
190192
190193
190194
190195
190196
190197
190198
190199
190100
190101
190102
190103
190104
190105
190106
190107
190108
190109
190110
190111
190112
190113
190114
190115
190116
190117
190118
190119
190120
190121
190122
190123
190124
190125
190290
190291
190292
190293
190294
190295
190296
190297
190298
190299
190200
190201
190202
190203
190204
190205
190206
190207
190208
190209
190210
190211
190212
190213
190214
190215
190216
190217
190218
190219
190220
190221
190222
190223
190224
190225
190390
190391
190392
190393
190394
190395
190396
190397
190398
190399
190300
190301
190302
190303
190304
190305
190306
190307
190308
190309
190310
190311
190312
190313
190314
190315
190316
190317
190318
190319
190320
190321
190322
190323
190324
190325
190490
190491
190492
190493
190494
190495
190496
190497
190498
190499
190400
190401
190402
190403
190404
190405
190406
190407
190408
190409
190410
190411
190412
190413
190414
190415
190416
190417
190418
190419
190420
190421
190422
190423
190424
190425
190590
190591
190592
190593
190594
190595
190596
190597
190598
190599
190500
190501
190502
190503
190504
190505
190506
190507
190508
190509
190510
190511
190512
190513
190514
190515
190516
190517
190518
190519
190520
190521
190522
190523
190524
190525
190690
190691
190692
190693
190694
190695
190696
190697
190698
190699
190600
190601
190602
190603
190604
190605
190606
190607
190608
190609
190610
190611
190612
190613
190614
190615
190616
190617
190618
190619
190620
190621
190622
190623
190624
190625
190790
190791
190792
190793
190794
190795
190796
190797
190798
190799
190700
190701
190702
190703
190704
190705
190706
190707
190708
190709
190710
190711
190712
190713
190714
190715
190716
190717
190718
190719
190720
190721
190722
190723
190724
190725
190890
190891
190892
190893
190894
190895
190896
190897
190898
190899
190800
190801
190802
190803
190804
190805
190806
190807
190808
190809
190810
190811
190812
190813
190814
190815
190816
190817
190818
190819
190820
190821
190822
190823
190824
190825
190990
190991
190992
190993
190994
190995
190996
190997
190998
190999
190900
190901
190902
190903
190904
190905
190906
190907
190908
190909
190910
190911
190912
190913
190914
190915
190916
190917
190918
190919
190920
190921
190922
190923
190924
190925
191090
191091
191092
191093
191094
191095
191096
191097
191098
191099
191000
191001
191002
191003
191004
191005
191006
191007
191008
191009
191010
191011
191012
191013
191014
191015
191016
191017
191018
191019
191020
191021
191022
191023
191024
191025
191190
191191
191192
191193
191194
191195
191196
191197
191198
191199
191100
191101
191102
191103
191104
191105
191106
191107
191108
191109
191110
191111
191112
191113
191114
191115
191116
191117
191118
191119
191120
191121
191122
191123
191124
191125
191290
191291
191292
191293
191294
191295
191296
191297
191298
191299
191200
191201
191202
191203
191204
191205
191206
191207
191208
191209
191210
191211
191212
191213
191214
191215
191216
191217
191218
191219
191220
191221
191222
191223
191224
191225
200190
200191
200192
200193
200194
200195
200196
200197
200198
200199
200100
200101
200103
200104
200105
200106
200107
200108
200109
200110
200111
200112
200113
200114
200115
200116
200117
200118
200119
200120
200121
200122
200123
200124
200125
200290
200291
200292
200293
200294
200295
200296
200297
200298
200299
200200
200201
200202
200204
200205
200206
200207
200208
200209
200210
200211
200212
200213
200214
200215
200216
200217
200218
200219
200220
200221
200222
200223
200224
200225
200390
200391
200392
200393
200394
200395
200396
200397
200398
200399
200300
200301
200302
200303
200305
200306
200307
200308
200309
200310
200311
200312
200313
200314
200315
200316
200317
200318
200319
200320
200321
200322
200323
200324
200325
200490
200491
200492
200493
200494
200495
200496
200497
200498
200499
200400
200401
200402
200403
200404
200406
200407
200408
200409
200410
200411
200412
200413
200414
200415
200416
200417
200418
200419
200420
200421
200422
200423
200424
200425
200590
200591
200592
200593
200594
200595
200596
200597
200598
200599
200500
200501
200502
200503
200504
200505
200507
200508
200509
200510
200511
200512
200513
200514
200515
200516
200517
200518
200519
200520
200521
200522
200523
200524
200525
200690
200691
200692
200693
200694
200695
200696
200697
200698
200699
200600
200601
200602
200603
200604
200605
200606
200608
200609
200610
200611
200612
200613
200614
200615
200616
200617
200618
200619
200620
200621
200622
200623
200624
200625
200790
200791
200792
200793
200794
200795
200796
200797
200798
200799
200700
200701
200702
200703
200704
200705
200706
200707
200709
200710
200711
200712
200713
200714
200715
200716
200717
200718
200719
200720
200721
200722
200723
200724
200725
200890
200891
200892
200893
200894
200895
200896
200897
200898
200899
200800
200801
200802
200803
200804
200805
200806
200807
200808
200810
200811
200812
200813
200814
200815
200816
200817
200818
200819
200820
200821
200822
200823
200824
200825
200990
200991
200992
200993
200994
200995
200996
200997
200998
200999
200900
200901
200902
200903
200904
200905
200906
200907
200908
200909
200911
200912
200913
200914
200915
200916
200917
200918
200919
200920
200921
200922
200923
200924
200925
201090
201091
201092
201093
201094
201095
201096
201097
201098
201099
201000
201001
201002
201003
201004
201005
201006
201007
201008
201009
201010
201011
201012
201013
201014
201015
201016
201017
201018
201019
201020
201021
201022
201023
201024
201025
201190
201191
201192
201193
201194
201195
201196
201197
201198
201199
201100
201101
201102
201103
201104
201105
201106
201107
201108
201109
201110
201111
201112
201113
201114
201115
201116
201117
201118
201119
201120
201121
201122
201123
201124
201125
201290
201291
201292
201293
201294
201295
201296
201297
201298
201299
201200
201201
201202
201203
201204
201205
201206
201207
201208
201209
201210
201211
201212
201213
201214
201215
201216
201217
201218
201219
201220
201221
201222
201223
201224
201225
210190
210191
210192
210193
210194
210195
210196
210197
210198
210199
210100
210101
210102
210103
210104
210105
210106
210107
210108
210109
210110
210111
210112
210113
210114
210115
210116
210117
210118
210119
210120
210121
210122
210123
210124
210125
210290
210291
210292
210293
210294
210295
210296
210297
210298
210299
210200
210201
210202
210203
210204
210205
210206
210207
210208
210209
210210
210211
210212
210213
210214
210215
210216
210217
210218
210219
210220
210221
210222
210223
210224
210225
210390
210391
210392
210393
210394
210395
210396
210397
210398
210399
210300
210301
210302
210303
210304
210305
210306
210307
210308
210309
210310
210311
210312
210313
210314
210315
210316
210317
210318
210319
210320
210321
210322
210323
210324
210325
210490
210491
210492
210493
210494
210495
210496
210497
210498
210499
210400
210401
210402
210403
210404
210405
210406
210407
210408
210409
210410
210411
210412
210413
210414
210415
210416
210417
210418
210419
210420
210421
210422
210423
210424
210425
210590
210591
210592
210593
210594
210595
210596
210597
210598
210599
210500
210501
210502
210503
210504
210505
210506
210507
210508
210509
210510
210511
210512
210513
210514
210515
210516
210517
210518
210519
210520
210521
210522
210523
210524
210525
210690
210691
210692
210693
210694
210695
210696
210697
210698
210699
210600
210601
210602
210603
210604
210605
210606
210607
210608
210609
210610
210611
210612
210613
210614
210615
210616
210617
210618
210619
210620
210621
210622
210623
210624
210625
210790
210791
210792
210793
210794
210795
210796
210797
210798
210799
210700
210701
210702
210703
210704
210705
210706
210707
210708
210709
210710
210711
210712
210713
210714
210715
210716
210717
210718
210719
210720
210721
210722
210723
210724
210725
210890
210891
210892
210893
210894
210895
210896
210897
210898
210899
210800
210801
210802
210803
210804
210805
210806
210807
210808
210809
210810
210811
210812
210813
210814
210815
210816
210817
210818
210819
210820
210821
210822
210823
210824
210825
210990
210991
210992
210993
210994
210995
210996
210997
210998
210999
210900
210901
210902
210903
210904
210905
210906
210907
210908
210909
210910
210911
210912
210913
210914
210915
210916
210917
210918
210919
210920
210921
210922
210923
210924
210925
211090
211091
211092
211093
211094
211095
211096
211097
211098
211099
211000
211001
211002
211003
211004
211005
211006
211007
211008
211009
211010
211011
211012
211013
211014
211015
211016
211017
211018
211019
211020
211021
211022
211023
211024
211025
211190
211191
211192
211193
211194
211195
211196
211197
211198
211199
211100
211101
211102
211103
211104
211105
211106
211107
211108
211109
211110
211111
211112
211113
211114
211115
211116
211117
211118
211119
211120
211121
211122
211123
211124
211125
211290
211291
211292
211293
211294
211295
211296
211297
211298
211299
211200
211201
211202
211203
211204
211205
211206
211207
211208
211209
211210
211211
211212
211213
211214
211215
211216
211217
211218
211219
211220
211221
211222
211223
211224
211225
220190
220191
220192
220193
220194
220195
220196
220197
220198
220199
220100
220101
220102
220103
220104
220105
220106
220107
220108
220109
220110
220111
220112
220113
220114
220115
220116
220117
220118
220119
220120
220121
220122
220123
220124
220125
220290
220291
220292
220293
220294
220295
220296
220297
220298
220299
220200
220201
220202
220203
220204
220205
220206
220207
220208
220209
220210
220211
220212
220213
220214
220215
220216
220217
220218
220219
220220
220221
220222
220223
220224
220225
220390
220391
220392
220393
220394
220395
220396
220397
220398
220399
220300
220301
220302
220303
220304
220305
220306
220307
220308
220309
220310
220311
220312
220313
220314
220315
220316
220317
220318
220319
220320
220321
220322
220323
220324
220325
220490
220491
220492
220493
220494
220495
220496
220497
220498
220499
220400
220401
220402
220403
220404
220405
220406
220407
220408
220409
220410
220411
220412
220413
220414
220415
220416
220417
220418
220419
220420
220421
220422
220423
220424
220425
220590
220591
220592
220593
220594
220595
220596
220597
220598
220599
220500
220501
220502
220503
220504
220505
220506
220507
220508
220509
220510
220511
220512
220513
220514
220515
220516
220517
220518
220519
220520
220521
220522
220523
220524
220525
220690
220691
220692
220693
220694
220695
220696
220697
220698
220699
220600
220601
220602
220603
220604
220605
220606
220607
220608
220609
220610
220611
220612
220613
220614
220615
220616
220617
220618
220619
220620
220621
220622
220623
220624
220625
220790
220791
220792
220793
220794
220795
220796
220797
220798
220799
220700
220701
220702
220703
220704
220705
220706
220707
220708
220709
220710
220711
220712
220713
220714
220715
220716
220717
220718
220719
220720
220721
220722
220723
220724
220725
220890
220891
220892
220893
220894
220895
220896
220897
220898
220899
220800
220801
220802
220803
220804
220805
220806
220807
220808
220809
220810
220811
220812
220813
220814
220815
220816
220817
220818
220819
220820
220821
220822
220823
220824
220825
220990
220991
220992
220993
220994
220995
220996
220997
220998
220999
220900
220901
220902
220903
220904
220905
220906
220907
220908
220909
220910
220911
220912
220913
220914
220915
220916
220917
220918
220919
220920
220921
220922
220923
220924
220925
221090
221091
221092
221093
221094
221095
221096
221097
221098
221099
221000
221001
221002
221003
221004
221005
221006
221007
221008
221009
221010
221011
221012
221013
221014
221015
221016
221017
221018
221019
221020
221021
221022
221023
221024
221025
221190
221191
221192
221193
221194
221195
221196
221197
221198
221199
221100
221101
221102
221103
221104
221105
221106
221107
221108
221109
221110
221111
221112
221113
221114
221115
221116
221117
221118
221119
221120
221121
221122
221123
221124
221125
221290
221291
221292
221293
221294
221295
221296
221297
221298
221299
221200
221201
221202
221203
221204
221205
221206
221207
221208
221209
221210
221211
221212
221213
221214
221215
221216
221217
221218
221219
221220
221221
221222
221223
221224
221225
230190
230191
230192
230193
230194
230195
230196
230197
230198
230199
230100
230101
230102
230103
230104
230105
230106
230107
230108
230109
230110
230111
230112
230113
230114
230115
230116
230117
230118
230119
230120
230121
230122
230123
230124
230125
230290
230291
230292
230293
230294
230295
230296
230297
230298
230299
230200
230201
230202
230203
230204
230205
230206
230207
230208
230209
230210
230211
230212
230213
230214
230215
230216
230217
230218
230219
230220
230221
230222
230223
230224
230225
230390
230391
230392
230393
230394
230395
230396
230397
230398
230399
230300
230301
230302
230303
230304
230305
230306
230307
230308
230309
230310
230311
230312
230313
230314
230315
230316
230317
230318
230319
230320
230321
230322
230323
230324
230325
230490
230491
230492
230493
230494
230495
230496
230497
230498
230499
230400
230401
230402
230403
230404
230405
230406
230407
230408
230409
230410
230411
230412
230413
230414
230415
230416
230417
230418
230419
230420
230421
230422
230423
230424
230425
230590
230591
230592
230593
230594
230595
230596
230597
230598
230599
230500
230501
230502
230503
230504
230505
230506
230507
230508
230509
230510
230511
230512
230513
230514
230515
230516
230517
230518
230519
230520
230521
230522
230523
230524
230525
230690
230691
230692
230693
230694
230695
230696
230697
230698
230699
230600
230601
230602
230603
230604
230605
230606
230607
230608
230609
230610
230611
230612
230613
230614
230615
230616
230617
230618
230619
230620
230621
230622
230623
230624
230625
230790
230791
230792
230793
230794
230795
230796
230797
230798
230799
230700
230701
230702
230703
230704
230705
230706
230707
230708
230709
230710
230711
230712
230713
230714
230715
230716
230717
230718
230719
230720
230721
230722
230723
230724
230725
230890
230891
230892
230893
230894
230895
230896
230897
230898
230899
230800
230801
230802
230803
230804
230805
230806
230807
230808
230809
230810
230811
230812
230813
230814
230815
230816
230817
230818
230819
230820
230821
230822
230823
230824
230825
230990
230991
230992
230993
230994
230995
230996
230997
230998
230999
230900
230901
230902
230903
230904
230905
230906
230907
230908
230909
230910
230911
230912
230913
230914
230915
230916
230917
230918
230919
230920
230921
230922
230923
230924
230925
231090
231091
231092
231093
231094
231095
231096
231097
231098
231099
231000
231001
231002
231003
231004
231005
231006
231007
231008
231009
231010
231011
231012
231013
231014
231015
231016
231017
231018
231019
231020
231021
231022
231023
231024
231025
231190
231191
231192
231193
231194
231195
231196
231197
231198
231199
231100
231101
231102
231103
231104
231105
231106
231107
231108
231109
231110
231111
231112
231113
231114
231115
231116
231117
231118
231119
231120
231121
231122
231123
231124
231125
231290
231291
231292
231293
231294
231295
231296
231297
231298
231299
231200
231201
231202
231203
231204
231205
231206
231207
231208
231209
231210
231211
231212
231213
231214
231215
231216
231217
231218
231219
231220
231221
231222
231223
231224
231225
240190
240191
240192
240193
240194
240195
240196
240197
240198
240199
240100
240101
240102
240103
240104
240105
240106
240107
240108
240109
240110
240111
240112
240113
240114
240115
240116
240117
240118
240119
240120
240121
240122
240123
240124
240125
240290
240291
240292
240293
240294
240295
240296
240297
240298
240299
240200
240201
240202
240203
240204
240205
240206
240207
240208
240209
240210
240211
240212
240213
240214
240215
240216
240217
240218
240219
240220
240221
240222
240223
240224
240225
240390
240391
240392
240393
240394
240395
240396
240397
240398
240399
240300
240301
240302
240303
240304
240305
240306
240307
240308
240309
240310
240311
240312
240313
240314
240315
240316
240317
240318
240319
240320
240321
240322
240323
240324
240325
240490
240491
240492
240493
240494
240495
240496
240497
240498
240499
240400
240401
240402
240403
240404
240405
240406
240407
240408
240409
240410
240411
240412
240413
240414
240415
240416
240417
240418
240419
240420
240421
240422
240423
240424
240425
240590
240591
240592
240593
240594
240595
240596
240597
240598
240599
240500
240501
240502
240503
240504
240505
240506
240507
240508
240509
240510
240511
240512
240513
240514
240515
240516
240517
240518
240519
240520
240521
240522
240523
240524
240525
240690
240691
240692
240693
240694
240695
240696
240697
240698
240699
240600
240601
240602
240603
240604
240605
240606
240607
240608
240609
240610
240611
240612
240613
240614
240615
240616
240617
240618
240619
240620
240621
240622
240623
240624
240625
240790
240791
240792
240793
240794
240795
240796
240797
240798
240799
240700
240701
240702
240703
240704
240705
240706
240707
240708
240709
240710
240711
240712
240713
240714
240715
240716
240717
240718
240719
240720
240721
240722
240723
240724
240725
240890
240891
240892
240893
240894
240895
240896
240897
240898
240899
240800
240801
240802
240803
240804
240805
240806
240807
240808
240809
240810
240811
240812
240813
240814
240815
240816
240817
240818
240819
240820
240821
240822
240823
240824
240825
240990
240991
240992
240993
240994
240995
240996
240997
240998
240999
240900
240901
240902
240903
240904
240905
240906
240907
240908
240909
240910
240911
240912
240913
240914
240915
240916
240917
240918
240919
240920
240921
240922
240923
240924
240925
241090
241091
241092
241093
241094
241095
241096
241097
241098
241099
241000
241001
241002
241003
241004
241005
241006
241007
241008
241009
241010
241011
241012
241013
241014
241015
241016
241017
241018
241019
241020
241021
241022
241023
241024
241025
241190
241191
241192
241193
241194
241195
241196
241197
241198
241199
241100
241101
241102
241103
241104
241105
241106
241107
241108
241109
241110
241111
241112
241113
241114
241115
241116
241117
241118
241119
241120
241121
241122
241123
241124
241125
241290
241291
241292
241293
241294
241295
241296
241297
241298
241299
241200
241201
241202
241203
241204
241205
241206
241207
241208
241209
241210
241211
241212
241213
241214
241215
241216
241217
241218
241219
241220
241221
241222
241223
241224
241225
250190
250191
250192
250193
250194
250195
250196
250197
250198
250199
250100
250101
250102
250103
250104
250105
250106
250107
250108
250109
250110
250111
250112
250113
250114
250115
250116
250117
250118
250119
250120
250121
250122
250123
250124
250125
250290
250291
250292
250293
250294
250295
250296
250297
250298
250299
250200
250201
250202
250203
250204
250205
250206
250207
250208
250209
250210
250211
250212
250213
250214
250215
250216
250217
250218
250219
250220
250221
250222
250223
250224
250225
250390
250391
250392
250393
250394
250395
250396
250397
250398
250399
250300
250301
250302
250303
250304
250305
250306
250307
250308
250309
250310
250311
250312
250313
250314
250315
250316
250317
250318
250319
250320
250321
250322
250323
250324
250325
250490
250491
250492
250493
250494
250495
250496
250497
250498
250499
250400
250401
250402
250403
250404
250405
250406
250407
250408
250409
250410
250411
250412
250413
250414
250415
250416
250417
250418
250419
250420
250421
250422
250423
250424
250425
250590
250591
250592
250593
250594
250595
250596
250597
250598
250599
250500
250501
250502
250503
250504
250505
250506
250507
250508
250509
250510
250511
250512
250513
250514
250515
250516
250517
250518
250519
250520
250521
250522
250523
250524
250525
250690
250691
250692
250693
250694
250695
250696
250697
250698
250699
250600
250601
250602
250603
250604
250605
250606
250607
250608
250609
250610
250611
250612
250613
250614
250615
250616
250617
250618
250619
250620
250621
250622
250623
250624
250625
250790
250791
250792
250793
250794
250795
250796
250797
250798
250799
250700
250701
250702
250703
250704
250705
250706
250707
250708
250709
250710
250711
250712
250713
250714
250715
250716
250717
250718
250719
250720
250721
250722
250723
250724
250725
250890
250891
250892
250893
250894
250895
250896
250897
250898
250899
250800
250801
250802
250803
250804
250805
250806
250807
250808
250809
250810
250811
250812
250813
250814
250815
250816
250817
250818
250819
250820
250821
250822
250823
250824
250825
250990
250991
250992
250993
250994
250995
250996
250997
250998
250999
250900
250901
250902
250903
250904
250905
250906
250907
250908
250909
250910
250911
250912
250913
250914
250915
250916
250917
250918
250919
250920
250921
250922
250923
250924
250925
251090
251091
251092
251093
251094
251095
251096
251097
251098
251099
251000
251001
251002
251003
251004
251005
251006
251007
251008
251009
251010
251011
251012
251013
251014
251015
251016
251017
251018
251019
251020
251021
251022
251023
251024
251025
251190
251191
251192
251193
251194
251195
251196
251197
251198
251199
251100
251101
251102
251103
251104
251105
251106
251107
251108
251109
251110
251111
251112
251113
251114
251115
251116
251117
251118
251119
251120
251121
251122
251123
251124
251125
251290
251291
251292
251293
251294
251295
251296
251297
251298
251299
251200
251201
251202
251203
251204
251205
251206
251207
251208
251209
251210
251211
251212
251213
251214
251215
251216
251217
251218
251219
251220
251221
251222
251223
251224
251225
260190
260191
260192
260193
260194
260195
260196
260197
260198
260199
260100
260101
260102
260103
260104
260105
260106
260107
260108
260109
260110
260111
260112
260113
260114
260115
260116
260117
260118
260119
260120
260121
260122
260123
260124
260125
260290
260291
260292
260293
260294
260295
260296
260297
260298
260299
260200
260201
260202
260203
260204
260205
260206
260207
260208
260209
260210
260211
260212
260213
260214
260215
260216
260217
260218
260219
260220
260221
260222
260223
260224
260225
260390
260391
260392
260393
260394
260395
260396
260397
260398
260399
260300
260301
260302
260303
260304
260305
260306
260307
260308
260309
260310
260311
260312
260313
260314
260315
260316
260317
260318
260319
260320
260321
260322
260323
260324
260325
260490
260491
260492
260493
260494
260495
260496
260497
260498
260499
260400
260401
260402
260403
260404
260405
260406
260407
260408
260409
260410
260411
260412
260413
260414
260415
260416
260417
260418
260419
260420
260421
260422
260423
260424
260425
260590
260591
260592
260593
260594
260595
260596
260597
260598
260599
260500
260501
260502
260503
260504
260505
260506
260507
260508
260509
260510
260511
260512
260513
260514
260515
260516
260517
260518
260519
260520
260521
260522
260523
260524
260525
260690
260691
260692
260693
260694
260695
260696
260697
260698
260699
260600
260601
260602
260603
260604
260605
260606
260607
260608
260609
260610
260611
260612
260613
260614
260615
260616
260617
260618
260619
260620
260621
260622
260623
260624
260625
260790
260791
260792
260793
260794
260795
260796
260797
260798
260799
260700
260701
260702
260703
260704
260705
260706
260707
260708
260709
260710
260711
260712
260713
260714
260715
260716
260717
260718
260719
260720
260721
260722
260723
260724
260725
260890
260891
260892
260893
260894
260895
260896
260897
260898
260899
260800
260801
260802
260803
260804
260805
260806
260807
260808
260809
260810
260811
260812
260813
260814
260815
260816
260817
260818
260819
260820
260821
260822
260823
260824
260825
260990
260991
260992
260993
260994
260995
260996
260997
260998
260999
260900
260901
260902
260903
260904
260905
260906
260907
260908
260909
260910
260911
260912
260913
260914
260915
260916
260917
260918
260919
260920
260921
260922
260923
260924
260925
261090
261091
261092
261093
261094
261095
261096
261097
261098
261099
261000
261001
261002
261003
261004
261005
261006
261007
261008
261009
261010
261011
261012
261013
261014
261015
261016
261017
261018
261019
261020
261021
261022
261023
261024
261025
261190
261191
261192
261193
261194
261195
261196
261197
261198
261199
261100
261101
261102
261103
261104
261105
261106
261107
261108
261109
261110
261111
261112
261113
261114
261115
261116
261117
261118
261119
261120
261121
261122
261123
261124
261125
261290
261291
261292
261293
261294
261295
261296
261297
261298
261299
261200
261201
261202
261203
261204
261205
261206
261207
261208
261209
261210
261211
261212
261213
261214
261215
261216
261217
261218
261219
261220
261221
261222
261223
261224
261225
270190
270191
270192
270193
270194
270195
270196
270197
270198
270199
270100
270101
270102
270103
270104
270105
270106
270107
270108
270109
270110
270111
270112
270113
270114
270115
270116
270117
270118
270119
270120
270121
270122
270123
270124
270125
270290
270291
270292
270293
270294
270295
270296
270297
270298
270299
270200
270201
270202
270203
270204
270205
270206
270207
270208
270209
270210
270211
270212
270213
270214
270215
270216
270217
270218
270219
270220
270221
270222
270223
270224
270225
270390
270391
270392
270393
270394
270395
270396
270397
270398
270399
270300
270301
270302
270303
270304
270305
270306
270307
270308
270309
270310
270311
270312
270313
270314
270315
270316
270317
270318
270319
270320
270321
270322
270323
270324
270325
270490
270491
270492
270493
270494
270495
270496
270497
270498
270499
270400
270401
270402
270403
270404
270405
270406
270407
270408
270409
270410
270411
270412
270413
270414
270415
270416
270417
270418
270419
270420
270421
270422
270423
270424
270425
270590
270591
270592
270593
270594
270595
270596
270597
270598
270599
270500
270501
270502
270503
270504
270505
270506
270507
270508
270509
270510
270511
270512
270513
270514
270515
270516
270517
270518
270519
270520
270521
270522
270523
270524
270525
270690
270691
270692
270693
270694
270695
270696
270697
270698
270699
270600
270601
270602
270603
270604
270605
270606
270607
270608
270609
270610
270611
270612
270613
270614
270615
270616
270617
270618
270619
270620
270621
270622
270623
270624
270625
270790
270791
270792
270793
270794
270795
270796
270797
270798
270799
270700
270701
270702
270703
270704
270705
270706
270707
270708
270709
270710
270711
270712
270713
270714
270715
270716
270717
270718
270719
270720
270721
270722
270723
270724
270725
270890
270891
270892
270893
270894
270895
270896
270897
270898
270899
270800
270801
270802
270803
270804
270805
270806
270807
270808
270809
270810
270811
270812
270813
270814
270815
270816
270817
270818
270819
270820
270821
270822
270823
270824
270825
270990
270991
270992
270993
270994
270995
270996
270997
270998
270999
270900
270901
270902
270903
270904
270905
270906
270907
270908
270909
270910
270911
270912
270913
270914
270915
270916
270917
270918
270919
270920
270921
270922
270923
270924
270925
271090
271091
271092
271093
271094
271095
271096
271097
271098
271099
271000
271001
271002
271003
271004
271005
271006
271007
271008
271009
271010
271011
271012
271013
271014
271015
271016
271017
271018
271019
271020
271021
271022
271023
271024
271025
271190
271191
271192
271193
271194
271195
271196
271197
271198
271199
271100
271101
271102
271103
271104
271105
271106
271107
271108
271109
271110
271111
271112
271113
271114
271115
271116
271117
271118
271119
271120
271121
271122
271123
271124
271125
271290
271291
271292
271293
271294
271295
271296
271297
271298
271299
271200
271201
271202
271203
271204
271205
271206
271207
271208
271209
271210
271211
271212
271213
271214
271215
271216
271217
271218
271219
271220
271221
271222
271223
271224
271225
280190
280191
280192
280193
280194
280195
280196
280197
280198
280199
280100
280101
280102
280103
280104
280105
280106
280107
280108
280109
280110
280111
280112
280113
280114
280115
280116
280117
280118
280119
280120
280121
280122
280123
280124
280125
280290
280291
280292
280293
280294
280295
280296
280297
280298
280299
280200
280201
280202
280203
280204
280205
280206
280207
280208
280209
280210
280211
280212
280213
280214
280215
280216
280217
280218
280219
280220
280221
280222
280223
280224
280225
280390
280391
280392
280393
280394
280395
280396
280397
280398
280399
280300
280301
280302
280303
280304
280305
280306
280307
280308
280309
280310
280311
280312
280313
280314
280315
280316
280317
280318
280319
280320
280321
280322
280323
280324
280325
280490
280491
280492
280493
280494
280495
280496
280497
280498
280499
280400
280401
280402
280403
280404
280405
280406
280407
280408
280409
280410
280411
280412
280413
280414
280415
280416
280417
280418
280419
280420
280421
280422
280423
280424
280425
280590
280591
280592
280593
280594
280595
280596
280597
280598
280599
280500
280501
280502
280503
280504
280505
280506
280507
280508
280509
280510
280511
280512
280513
280514
280515
280516
280517
280518
280519
280520
280521
280522
280523
280524
280525
280690
280691
280692
280693
280694
280695
280696
280697
280698
280699
280600
280601
280602
280603
280604
280605
280606
280607
280608
280609
280610
280611
280612
280613
280614
280615
280616
280617
280618
280619
280620
280621
280622
280623
280624
280625
280790
280791
280792
280793
280794
280795
280796
280797
280798
280799
280700
280701
280702
280703
280704
280705
280706
280707
280708
280709
280710
280711
280712
280713
280714
280715
280716
280717
280718
280719
280720
280721
280722
280723
280724
280725
280890
280891
280892
280893
280894
280895
280896
280897
280898
280899
280800
280801
280802
280803
280804
280805
280806
280807
280808
280809
280810
280811
280812
280813
280814
280815
280816
280817
280818
280819
280820
280821
280822
280823
280824
280825
280990
280991
280992
280993
280994
280995
280996
280997
280998
280999
280900
280901
280902
280903
280904
280905
280906
280907
280908
280909
280910
280911
280912
280913
280914
280915
280916
280917
280918
280919
280920
280921
280922
280923
280924
280925
281090
281091
281092
281093
281094
281095
281096
281097
281098
281099
281000
281001
281002
281003
281004
281005
281006
281007
281008
281009
281010
281011
281012
281013
281014
281015
281016
281017
281018
281019
281020
281021
281022
281023
281024
281025
281190
281191
281192
281193
281194
281195
281196
281197
281198
281199
281100
281101
281102
281103
281104
281105
281106
281107
281108
281109
281110
281111
281112
281113
281114
281115
281116
281117
281118
281119
281120
281121
281122
281123
281124
281125
281290
281291
281292
281293
281294
281295
281296
281297
281298
281299
281200
281201
281202
281203
281204
281205
281206
281207
281208
281209
281210
281211
281212
281213
281214
281215
281216
281217
281218
281219
281220
281221
281222
281223
281224
281225
290190
290191
290192
290193
290194
290195
290196
290197
290198
290199
290100
290101
290102
290103
290104
290105
290106
290107
290108
290109
290110
290111
290112
290113
290114
290115
290116
290117
290118
290119
290120
290121
290122
290123
290124
290125
290290
290291
290292
290293
290294
290295
290296
290297
290298
290299
290200
290201
290202
290203
290204
290205
290206
290207
290208
290209
290210
290211
290212
290213
290214
290215
290216
290217
290218
290219
290220
290221
290222
290223
290224
290225
290390
290391
290392
290393
290394
290395
290396
290397
290398
290399
290300
290301
290302
290303
290304
290305
290306
290307
290308
290309
290310
290311
290312
290313
290314
290315
290316
290317
290318
290319
290320
290321
290322
290323
290324
290325
290490
290491
290492
290493
290494
290495
290496
290497
290498
290499
290400
290401
290402
290403
290404
290405
290406
290407
290408
290409
290410
290411
290412
290413
290414
290415
290416
290417
290418
290419
290420
290421
290422
290423
290424
290425
290590
290591
290592
290593
290594
290595
290596
290597
290598
290599
290500
290501
290502
290503
290504
290505
290506
290507
290508
290509
290510
290511
290512
290513
290514
290515
290516
290517
290518
290519
290520
290521
290522
290523
290524
290525
290690
290691
290692
290693
290694
290695
290696
290697
290698
290699
290600
290601
290602
290603
290604
290605
290606
290607
290608
290609
290610
290611
290612
290613
290614
290615
290616
290617
290618
290619
290620
290621
290622
290623
290624
290625
290790
290791
290792
290793
290794
290795
290796
290797
290798
290799
290700
290701
290702
290703
290704
290705
290706
290707
290708
290709
290710
290711
290712
290713
290714
290715
290716
290717
290718
290719
290720
290721
290722
290723
290724
290725
290890
290891
290892
290893
290894
290895
290896
290897
290898
290899
290800
290801
290802
290803
290804
290805
290806
290807
290808
290809
290810
290811
290812
290813
290814
290815
290816
290817
290818
290819
290820
290821
290822
290823
290824
290825
290990
290991
290992
290993
290994
290995
290996
290997
290998
290999
290900
290901
290902
290903
290904
290905
290906
290907
290908
290909
290910
290911
290912
290913
290914
290915
290916
290917
290918
290919
290920
290921
290922
290923
290924
290925
291090
291091
291092
291093
291094
291095
291096
291097
291098
291099
291000
291001
291002
291003
291004
291005
291006
291007
291008
291009
291010
291011
291012
291013
291014
291015
291016
291017
291018
291019
291020
291021
291022
291023
291024
291025
291190
291191
291192
291193
291194
291195
291196
291197
291198
291199
291100
291101
291102
291103
291104
291105
291106
291107
291108
291109
291110
291111
291112
291113
291114
291115
291116
291117
291118
291119
291120
291121
291122
291123
291124
291125
291290
291291
291292
291293
291294
291295
291296
291297
291298
291299
291200
291201
291202
291203
291204
291205
291206
291207
291208
291209
291210
291211
291212
291213
291214
291215
291216
291217
291218
291219
291220
291221
291222
291223
291224
291225
300190
300191
300192
300193
300194
300195
300196
300197
300198
300199
300100
300101
300102
300103
300104
300105
300106
300107
300108
300109
300110
300111
300112
300113
300114
300115
300116
300117
300118
300119
300120
300121
300122
300123
300124
300125
300290
300291
300292
300293
300294
300295
300296
300297
300298
300299
300200
300201
300202
300203
300204
300205
300206
300207
300208
300209
300210
300211
300212
300213
300214
300215
300216
300217
300218
300219
300220
300221
300222
300223
300224
300225
300390
300391
300392
300393
300394
300395
300396
300397
300398
300399
300300
300301
300302
300303
300304
300305
300306
300307
300308
300309
300310
300311
300312
300313
300314
300315
300316
300317
300318
300319
300320
300321
300322
300323
300324
300325
300490
300491
300492
300493
300494
300495
300496
300497
300498
300499
300400
300401
300402
300403
300404
300405
300406
300407
300408
300409
300410
300411
300412
300413
300414
300415
300416
300417
300418
300419
300420
300421
300422
300423
300424
300425
300590
300591
300592
300593
300594
300595
300596
300597
300598
300599
300500
300501
300502
300503
300504
300505
300506
300507
300508
300509
300510
300511
300512
300513
300514
300515
300516
300517
300518
300519
300520
300521
300522
300523
300524
300525
300690
300691
300692
300693
300694
300695
300696
300697
300698
300699
300600
300601
300602
300603
300604
300605
300606
300607
300608
300609
300610
300611
300612
300613
300614
300615
300616
300617
300618
300619
300620
300621
300622
300623
300624
300625
300790
300791
300792
300793
300794
300795
300796
300797
300798
300799
300700
300701
300702
300703
300704
300705
300706
300707
300708
300709
300710
300711
300712
300713
300714
300715
300716
300717
300718
300719
300720
300721
300722
300723
300724
300725
300890
300891
300892
300893
300894
300895
300896
300897
300898
300899
300800
300801
300802
300803
300804
300805
300806
300807
300808
300809
300810
300811
300812
300813
300814
300815
300816
300817
300818
300819
300820
300821
300822
300823
300824
300825
300990
300991
300992
300993
300994
300995
300996
300997
300998
300999
300900
300901
300902
300903
300904
300905
300906
300907
300908
300909
300910
300911
300912
300913
300914
300915
300916
300917
300918
300919
300920
300921
300922
300923
300924
300925
301090
301091
301092
301093
301094
301095
301096
301097
301098
301099
301000
301001
301002
301003
301004
301005
301006
301007
301008
301009
301010
301011
301012
301013
301014
301015
301016
301017
301018
301019
301020
301021
301022
301023
301024
301025
301190
301191
301192
301193
301194
301195
301196
301197
301198
301199
301100
301101
301102
301103
301104
301105
301106
301107
301108
301109
301110
301111
301112
301113
301114
301115
301116
301117
301118
301119
301120
301121
301122
301123
301124
301125
301290
301291
301292
301293
301294
301295
301296
301297
301298
301299
301200
301201
301202
301203
301204
301205
301206
301207
301208
301209
301210
301211
301212
301213
301214
301215
301216
301217
301218
301219
301220
301221
301222
301223
301224
301225
310190
310191
310192
310193
310194
310195
310196
310197
310198
310199
310100
310101
310102
310103
310104
310105
310106
310107
310108
310109
310110
310111
310112
310113
310114
310115
310116
310117
310118
310119
310120
310121
310122
310123
310124
310125
310290
310291
310292
310293
310294
310295
310296
310297
310298
310299
310200
310201
310202
310203
310204
310205
310206
310207
310208
310209
310210
310211
310212
310213
310214
310215
310216
310217
310218
310219
310220
310221
310222
310223
310224
310225
310390
310391
310392
310393
310394
310395
310396
310397
310398
310399
310300
310301
310302
310303
310304
310305
310306
310307
310308
310309
310310
310311
310312
310313
310314
310315
310316
310317
310318
310319
310320
310321
310322
310323
310324
310325
310490
310491
310492
310493
310494
310495
310496
310497
310498
310499
310400
310401
310402
310403
310404
310405
310406
310407
310408
310409
310410
310411
310412
310413
310414
310415
310416
310417
310418
310419
310420
310421
310422
310423
310424
310425
310590
310591
310592
310593
310594
310595
310596
310597
310598
310599
310500
310501
310502
310503
310504
310505
310506
310507
310508
310509
310510
310511
310512
310513
310514
310515
310516
310517
310518
310519
310520
310521
310522
310523
310524
310525
310690
310691
310692
310693
310694
310695
310696
310697
310698
310699
310600
310601
310602
310603
310604
310605
310606
310607
310608
310609
310610
310611
310612
310613
310614
310615
310616
310617
310618
310619
310620
310621
310622
310623
310624
310625
310790
310791
310792
310793
310794
310795
310796
310797
310798
310799
310700
310701
310702
310703
310704
310705
310706
310707
310708
310709
310710
310711
310712
310713
310714
310715
310716
310717
310718
310719
310720
310721
310722
310723
310724
310725
310890
310891
310892
310893
310894
310895
310896
310897
310898
310899
310800
310801
310802
310803
310804
310805
310806
310807
310808
310809
310810
310811
310812
310813
310814
310815
310816
310817
310818
310819
310820
310821
310822
310823
310824
310825
310990
310991
310992
310993
310994
310995
310996
310997
310998
310999
310900
310901
310902
310903
310904
310905
310906
310907
310908
310909
310910
310911
310912
310913
310914
310915
310916
310917
310918
310919
310920
310921
310922
310923
310924
310925
311090
311091
311092
311093
311094
311095
311096
311097
311098
311099
311000
311001
311002
311003
311004
311005
311006
311007
311008
311009
311010
311011
311012
311013
311014
311015
311016
311017
311018
311019
311020
311021
311022
311023
311024
311025
311190
311191
311192
311193
311194
311195
311196
311197
311198
311199
311100
311101
311102
311103
311104
311105
311106
311107
311108
311109
311110
311111
311112
311113
311114
311115
311116
311117
311118
311119
311120
311121
311122
311123
311124
311125
311290
311291
311292
311293
311294
311295
311296
311297
311298
311299
311200
311201
311202
311203
311204
311205
311206
311207
311208
311209
311210
311211
311212
311213
311214
311215
311216
311217
311218
311219
311220
311221
311222
311223
311224
311225
000111
000222
000333
000444
000555
000666
000777
000888
000999
111333
111444
141414
111555
151515
111666
161616
111777
171717
111888
181818
111999
191919
222000
202020
222111
212121
222333
232323
222444
242424
222555
252525
222666
262626
222777
272727
222888
282828
222999
292929
333000
303030
333111
313131
333222
323232
333444
343434
333555
353535
333666
363636
333777
373737
333888
383838
333999
393939
444000
404040
444111
414141
444222
424242
444333
434343
444555
454545
444666
464646
444777
474747
444888
484848
444999
494949
555000
505050
555111
515151
555222
525252
555333
535353
555444
545454
555666
565656
555777
575757
555888
585858
555999
595959
666000
606060
666111
616161
666222
626262
666333
636363
666444
646464
666555
656565
666777
676767
666888
686868
666999
777000
707070
777111
717171
777222
727272
777333
737373
777444
747474
777555
757575
777666
767676
777888
787878
777999
797979
888000
808080
888111
818181
888222
828282
888333
838383
888444
848484
888555
858585
888666
868686
888777
878787
888999
898989
999000
909090
999111
919191
999222
929292
999333
939393
999444
949494
999555
959595
999666
969696
999777
979797
999888
989898
